FileCtl:00000 0B120 FFFFF 00000 FFFFF 00000 FFFFF 00000 FFFFF 00000 
Begin Norm:2325,#0,0006
VIfact:0010,0010
Int:0006
Tmode-Fdrs:00000001b,1
Data:
11560,7513,188,107,241,2354,2335,2362,822,500,00,117,00000000,00,00
11560,7514,178,111,240,2355,2335,2361,825,500,187,112,00000000,00,00
11560,7515,184,108,237,2354,2336,2362,824,500,221,112,00000000,00,00
11560,7516,175,115,242,2355,2334,2361,827,499,00,112,00000000,00,00
11560,7517,169,124,240,2354,2333,2363,828,499,00,107,00000000,00,00
11560,7518,171,118,246,2354,2334,2361,828,500,00,116,00000000,00,00
11560,7519,165,132,234,2354,2332,2364,826,500,00,96,00000000,00,00
11560,7520,310,247,386,2348,2330,2361,1556,499,1714,114,00000000,00,00
11560,7521,430,296,466,2343,2326,2362,2023,500,2497,128,00000000,00,00
11560,7522,426,299,475,2343,2326,2362,2035,500,2483,133,00000000,00,00
11560,7523,436,298,474,2342,2325,2363,2044,500,2484,135,00000000,00,00
11560,7524,420,316,485,2343,2327,2363,2062,500,2493,130,00000000,00,00
11560,7525,371,253,417,2343,2326,2361,1734,499,209,131,00000000,00,00
11560,7526,196,111,248,2352,2333,2360,857,500,923,119,00000000,00,00
11560,7527,189,108,244,2353,2334,2360,837,500,204,117,00000000,00,00
11560,7528,179,116,242,2354,2333,2360,836,499,00,112,00000000,00,00
11560,7529,180,114,242,2355,2333,2360,836,499,00,112,00000000,00,00
11560,7530,179,118,245,2353,2331,2360,838,500,00,112,00000000,00,00
11560,7531,180,117,248,2353,2333,2361,842,499,00,116,00000000,00,00
11560,7532,170,133,240,2351,2330,2363,841,499,00,101,00000000,00,00
11560,7533,171,133,238,2351,2331,2364,840,500,00,100,00000000,00,00
11560,7534,174,122,244,2353,2333,2361,843,500,240,109,00000000,00,00
11560,7535,327,246,402,2346,2329,2361,1613,500,1555,124,00000000,00,00
11560,7536,406,318,472,2344,2327,2361,2022,499,2458,121,00000000,00,00
11560,7537,394,342,476,2344,2329,2362,2047,499,2587,110,00000000,00,00
11560,7538,391,356,475,2343,2329,2363,2060,500,2577,101,00000000,00,00
11560,7539,394,366,471,2343,2328,2363,2076,500,2493,95,00000000,00,00
11560,7540,347,300,421,2347,2330,2363,1783,499,00,103,00000000,00,00
11560,7541,183,122,247,2355,2332,2362,858,500,00,112,00000000,00,00
11560,7542,177,122,237,2353,2331,2365,826,500,00,107,00000000,00,00
11560,7543,175,125,237,2353,2332,2365,828,499,00,103,00000000,00,00
11560,7544,171,134,231,2352,2332,2367,829,499,00,94,00000000,00,00
11560,7545,173,143,218,2349,2332,2369,821,500,00,76,00000000,00,00
11560,7546,174,141,216,2349,2332,2369,817,500,00,74,00000000,00,00
11560,7547,173,141,218,2351,2332,2370,818,500,00,76,00000000,00,00
11560,7548,170,144,213,2352,2334,2371,817,499,00,68,00000000,00,00
11560,7549,169,146,216,2354,2337,2373,821,499,00,71,00000000,00,00
11560,7550,213,194,262,2356,2339,2376,1060,500,430,70,00000000,00,00
11560,7551,389,373,434,2356,2340,2377,2024,500,2260,68,00000000,00,00
11560,7552,404,377,430,2354,2341,2375,2050,500,2514,61,00000000,00,00
11560,7553,415,377,426,2354,2341,2374,2060,499,2573,56,00000000,00,00
11560,7554,416,378,431,2354,2341,2375,2076,499,2599,60,00000000,00,00
11560,7555,398,365,421,2356,2342,2377,1995,500,00,60,00000000,00,00
11560,7556,203,156,222,2362,2348,2383,895,500,00,60,00000000,00,00
11560,7557,188,138,204,2363,2348,2383,809,500,00,59,00000000,00,00
11560,7558,195,134,205,2361,2349,2382,813,500,00,62,00000000,00,00
11560,7559,192,136,207,2362,2349,2381,810,500,00,63,00000000,00,00
11560,7560,178,147,208,2361,2347,2382,811,500,00,59,00000000,00,00
11560,7561,189,140,205,2359,2349,2382,807,499,00,57,00000000,00,00
11560,7562,191,137,207,2360,2349,2381,810,499,00,61,00000000,00,00
11560,7563,194,134,207,2359,2347,2379,806,500,00,63,00000000,00,00
11560,7564,182,143,205,2360,2346,2380,808,500,00,55,00000000,00,00
11560,7565,190,138,202,2360,2347,2378,806,500,00,56,00000000,00,00
11560,7566,191,137,203,2359,2347,2377,811,500,00,58,00000000,00,00
11560,7567,191,136,201,2360,2347,2378,808,500,00,57,00000000,00,00
11560,7568,261,218,271,2360,2346,2377,1206,500,893,53,00000000,00,00
11560,7569,416,366,419,2355,2343,2374,2032,500,2524,57,00000000,00,00
11560,7570,426,361,426,2355,2343,2374,2046,500,2739,63,00000000,00,00
11560,7571,427,367,426,2357,2343,2374,2062,499,2754,60,00000000,00,00
11560,7572,432,369,427,2356,2343,2373,2076,499,2748,60,00000000,00,00
11560,7573,356,301,363,2357,2346,2375,1690,500,00,58,00000000,00,00
11560,7574,195,140,205,2360,2349,2380,826,500,00,59,00000000,00,00
11560,7575,193,135,205,2360,2349,2380,812,500,00,61,00000000,00,00
11560,7576,194,134,203,2360,2348,2380,807,500,00,61,00000000,00,00
11560,7577,194,136,205,2359,2349,2380,811,500,00,62,00000000,00,00
11560,7578,188,140,202,2360,2349,2379,810,500,00,55,00000000,00,00
11560,7579,188,139,202,2360,2350,2381,810,500,00,56,00000000,00,00
11560,7580,193,139,206,2360,2351,2382,811,500,00,62,00000000,00,00
11560,7581,190,139,204,2362,2352,2382,811,500,00,58,00000000,00,00
11560,7582,190,138,202,2362,2351,2382,810,500,00,58,00000000,00,00
11560,7583,193,135,205,2362,2351,2383,809,500,00,63,00000000,00,00
11560,7584,189,142,207,2360,2349,2383,812,500,00,58,00000000,00,00
11560,7585,192,139,205,2361,2350,2383,813,500,00,60,00000000,00,00
11560,7586,192,135,207,2363,2351,2384,810,500,00,65,00000000,00,00
11560,7587,286,229,296,2360,2350,2382,1312,500,1317,63,00000000,00,00
11560,7588,422,361,432,2356,2346,2377,2036,500,00,66,00000000,00,00
11560,7589,422,361,433,2354,2345,2377,2050,500,2377,67,00000000,00,00
11560,7590,426,359,438,2354,2343,2377,2063,500,2869,73,00000000,00,00
11560,7591,430,365,437,2355,2344,2379,2083,500,2849,69,00000000,00,00
11560,7592,288,231,299,2358,2347,2381,1322,500,00,61,00000000,00,00
11560,7593,198,138,206,2361,2350,2383,826,499,00,59,00000000,00,00
11560,7594,196,135,212,2363,2350,2384,829,499,00,70,00000000,00,00
11560,7595,195,140,207,2363,2351,2383,829,500,244,60,00000000,00,00
11560,7596,193,141,207,2361,2351,2382,825,500,00,59,00000000,00,00
11560,7597,191,145,206,2360,2351,2381,825,500,00,55,00000000,00,00
11560,7598,196,139,209,2361,2350,2382,830,500,00,63,00000000,00,00
11560,7599,196,139,208,2360,2350,2382,825,500,00,63,00000000,00,00
11560,7600,195,139,210,2352,2342,2374,825,500,00,62,00000000,00,00
11560,7601,196,135,208,2356,2346,2378,825,500,242,63,00000000,00,00
11560,7602,206,143,218,2352,2341,2375,869,500,198,67,00000000,00,00
11560,7603,414,349,430,2347,2336,2370,2004,500,580,72,00000000,00,00
11560,7604,422,359,431,2347,2337,2369,2043,500,2705,67,00000000,00,00
11560,7605,426,362,430,2349,2338,2370,2057,500,2760,65,00000000,00,00
11560,7606,429,361,435,2349,2338,2371,2073,500,2824,70,00000000,00,00
11560,7607,423,361,434,2350,2339,2371,2057,500,00,67,00000000,00,00
11560,7608,219,163,233,2354,2343,2376,960,500,00,64,00000000,00,00
11560,7609,192,135,206,2353,2343,2375,815,500,00,61,00000000,00,00
11560,7610,192,135,204,2353,2342,2373,815,500,00,60,00000000,00,00
11560,7611,327,274,335,2351,2341,2371,1547,500,1100,58,00000000,00,00
11560,7612,558,499,563,2346,2335,2366,2834,500,2355,62,00000000,00,00
11560,7613,606,547,619,2345,2333,2365,3138,500,2363,65,00000000,00,00
11560,7614,602,557,616,2346,2334,2366,3146,500,2397,58,00000000,00,00
11560,7615,577,535,592,2346,2334,2366,3005,500,2411,58,00000000,00,00
11560,7616,537,496,549,2347,2336,2367,2763,500,2481,56,00000000,00,00
11560,7617,504,470,518,2347,2337,2367,2568,500,2516,53,00000000,00,00
11560,7618,492,443,496,2347,2337,2367,2459,500,2507,56,00000000,00,00
11560,7619,490,435,495,2347,2337,2367,2444,500,2575,58,00000000,00,00
11560,7620,513,461,518,2346,2336,2366,2583,500,2530,56,00000000,00,00
11560,7621,535,478,543,2346,2336,2367,2695,499,2486,61,00000000,00,00
11560,7622,537,489,547,2347,2337,2368,2739,499,2497,58,00000000,00,00
11560,7623,542,499,553,2347,2337,2367,2785,500,2428,55,00000000,00,00
11560,7624,536,498,549,2347,2336,2367,2762,500,2441,55,00000000,00,00
11560,7625,532,496,543,2348,2339,2367,2743,500,2413,52,00000000,00,00
11560,7626,523,475,532,2348,2339,2368,2660,500,2466,56,00000000,00,00
11560,7627,511,466,522,2349,2339,2369,2600,500,2516,58,00000000,00,00
11560,7628,516,466,521,2350,2340,2370,2612,500,2467,57,00000000,00,00
11560,7629,517,466,524,2349,2338,2370,2618,500,2504,60,00000000,00,00
11560,7630,524,476,529,2349,2336,2369,2656,500,2459,61,00000000,00,00
11560,7631,537,485,544,2350,2338,2370,2737,500,2465,60,00000000,00,00
11560,7632,544,501,553,2349,2337,2368,2798,500,2417,56,00000000,00,00
11560,7633,539,505,552,2348,2337,2367,2793,500,2411,54,00000000,00,00
11560,7634,541,495,548,2349,2337,2368,2768,500,2454,54,00000000,00,00
11560,7635,484,430,484,2351,2339,2370,2407,500,2595,57,00000000,00,00
11560,7636,418,367,421,2353,2339,2371,2043,500,2594,57,00000000,00,00
11560,7637,422,375,424,2352,2338,2369,2067,500,2600,54,00000000,00,00
11560,7638,430,376,430,2350,2338,2368,2079,500,2673,56,00000000,00,00
11560,7639,353,300,359,2352,2339,2369,1669,500,00,55,00000000,00,00
11560,7640,195,137,207,2356,2342,2373,836,499,250,61,00000000,00,00
11560,7641,193,136,201,2354,2342,2372,818,500,00,57,00000000,00,00
11560,7642,190,139,203,2354,2340,2371,816,500,00,58,00000000,00,00
11560,7643,194,135,202,2354,2340,2371,817,500,00,59,00000000,00,00
11560,7644,197,134,206,2353,2341,2371,819,500,00,63,00000000,00,00
11560,7645,193,136,206,2353,2340,2372,823,500,00,61,00000000,00,00
11560,7646,193,138,201,2355,2342,2372,817,500,00,54,00000000,00,00
11560,7647,193,136,208,2354,2341,2372,821,500,00,63,00000000,00,00
11560,7648,205,142,218,2353,2340,2372,865,500,213,69,00000000,00,00
11560,7649,419,352,427,2348,2336,2369,2009,500,2467,67,00000000,00,00
11560,7650,406,341,414,2349,2337,2370,1942,500,00,69,00000000,00,00
11560,7651,151,123,166,2356,2341,2374,678,500,380,44,00000000,00,00
11560,7652,53,55,48,2358,2344,2376,255,500,1502,08,00000000,00,00
11560,7653,37,42,38,2360,2345,2377,217,501,00,10,00000000,00,00
11560,7654,23,31,26,2360,2347,2378,191,501,00,11,00000000,00,00
11560,7655,22,31,27,2359,2348,2378,188,500,00,10,00000000,00,00
11560,7656,22,30,25,2360,2346,2377,182,500,00,10,00000000,00,00
11560,7657,16,18,15,2358,2345,2375,117,500,00,11,00000000,00,00
11560,7658,16,17,16,2358,2346,2376,116,500,00,10,00000000,00,00
11560,7659,16,17,16,2359,2345,2376,116,500,00,11,00000000,00,00
11560,7660,17,17,16,2361,2345,2378,117,500,00,11,00000000,00,00
11560,7661,16,17,16,2361,2346,2377,115,500,00,10,00000000,00,00
11560,7662,14,16,16,2357,2342,2375,109,500,00,10,00000000,00,00
11560,7663,14,16,16,2355,2338,2372,109,500,00,10,00000000,00,00
11560,7664,15,16,16,2357,2343,2374,109,500,00,10,00000000,00,00
11560,7665,14,16,16,2359,2343,2375,108,500,00,09,00000000,00,00
11560,7666,15,16,16,2360,2344,2376,109,500,00,10,00000000,00,00
11560,7667,14,16,16,2360,2344,2376,109,500,00,10,00000000,00,00
11560,7668,14,16,16,2359,2344,2376,108,500,00,10,00000000,00,00
11560,7669,15,16,15,2360,2344,2378,109,500,00,10,00000000,00,00
11560,7670,15,16,15,2360,2344,2377,109,500,00,11,00000000,00,00
11560,7671,15,16,16,2360,2345,2376,110,500,00,11,00000000,00,00
11560,7672,14,16,15,2362,2346,2376,107,500,00,10,00000000,00,00
11560,7673,14,16,15,2362,2347,2378,109,500,00,10,00000000,00,00
11560,7674,15,16,16,2357,2342,2373,109,500,00,10,00000000,00,00
11560,7675,15,17,16,2356,2341,2374,110,500,00,10,00000000,00,00
11560,7676,15,16,15,2361,2346,2379,108,500,00,10,00000000,00,00
11560,7677,14,16,16,2361,2346,2378,108,500,00,10,00000000,00,00
11560,7678,15,16,15,2363,2345,2378,109,500,00,10,00000000,00,00
11560,7679,14,16,16,2363,2346,2378,109,500,00,11,00000000,00,00
11560,7680,14,16,16,2362,2346,2378,109,500,00,11,00000000,00,00
11560,7681,15,16,16,2362,2346,2378,111,500,00,11,00000000,00,00
11560,7682,14,16,16,2360,2344,2379,109,500,00,09,00000000,00,00
11560,7683,14,16,16,2361,2344,2379,110,500,00,10,00000000,00,00
11560,7684,15,16,16,2360,2344,2378,109,500,00,10,00000000,00,00
11560,7685,14,16,16,2361,2345,2379,108,500,00,10,00000000,00,00
11560,7686,14,16,16,2361,2344,2380,109,500,00,10,00000000,00,00
11560,7687,14,16,16,2355,2341,2376,108,500,00,10,00000000,00,00
11560,7688,15,16,16,2355,2338,2372,108,500,00,11,00000000,00,00
11560,7689,15,16,16,2361,2343,2378,110,500,00,11,00000000,00,00
11560,7690,14,16,16,2361,2344,2379,109,500,00,10,00000000,00,00
11560,7691,15,16,16,2360,2343,2379,109,500,00,10,00000000,00,00
11560,7692,15,16,16,2361,2344,2380,110,500,00,10,00000000,00,00
11560,7693,15,16,16,2360,2344,2381,109,500,00,10,00000000,00,00
11560,7694,15,16,16,2361,2344,2378,110,500,00,11,00000000,00,00
11560,7695,15,16,16,2361,2344,2377,108,499,00,11,00000000,00,00
11560,7696,15,17,16,2361,2344,2379,110,500,00,10,00000000,00,00
11560,7697,15,16,16,2361,2344,2379,110,500,00,10,00000000,00,00
11560,7698,15,16,16,2361,2344,2379,109,500,00,10,00000000,00,00
11560,7699,15,16,16,2360,2343,2377,109,500,00,10,00000000,00,00
11560,7700,123,126,126,2358,2341,2374,687,500,304,13,00000000,00,00
11560,7701,169,153,197,2348,2336,2370,835,500,00,47,00000000,00,00
11560,7702,179,143,208,2350,2337,2368,819,500,00,58,00000000,00,00
11560,7703,180,139,212,2358,2343,2375,820,500,00,64,00000000,00,00
11560,7704,182,136,215,2357,2343,2375,819,500,250,69,00000000,00,00
11560,7705,179,143,206,2355,2343,2377,816,500,00,57,00000000,00,00
11560,7706,212,180,240,2354,2341,2376,997,500,874,53,00000000,00,00
11560,7707,409,381,437,2351,2339,2371,2080,500,2443,55,00000000,00,00
11560,7708,409,367,437,2358,2345,2378,2053,500,2546,65,00000000,00,00
11560,7709,413,365,443,2359,2346,2379,2070,500,2661,69,00000000,00,00
11560,7710,410,372,446,2359,2346,2378,2084,500,2590,66,00000000,00,00
11560,7711,393,364,421,2358,2346,2378,1989,499,00,56,00000000,00,00
11560,7712,197,157,217,2363,2348,2382,895,499,00,53,00000000,00,00
11560,7713,184,133,214,2365,2350,2382,818,500,00,70,00000000,00,00
11560,7714,185,135,213,2365,2349,2382,820,500,00,67,00000000,00,00
11560,7715,184,136,216,2365,2349,2382,820,500,00,70,00000000,00,00
11560,7716,183,136,215,2364,2349,2384,822,500,00,69,00000000,00,00
11560,7717,184,138,213,2363,2349,2385,815,500,00,67,00000000,00,00
11560,7718,175,151,202,2362,2349,2386,814,500,00,51,00000000,00,00
11560,7719,175,150,205,2362,2348,2385,815,500,00,53,00000000,00,00
11560,7720,179,144,211,2363,2349,2384,822,499,00,60,00000000,00,00
11560,7721,184,132,214,2365,2348,2383,821,500,00,69,00000000,00,00
11560,7722,180,136,210,2365,2349,2386,819,500,00,63,00000000,00,00
11560,7723,180,140,205,2364,2349,2386,820,500,245,56,00000000,00,00
11560,7724,270,239,297,2360,2347,2383,1320,500,813,52,00000000,00,00
11560,7725,405,383,415,2356,2345,2379,2046,500,2495,51,00000000,00,00
11560,7726,409,383,422,2356,2344,2378,2064,500,2574,50,00000000,00,00
11560,7727,409,383,431,2354,2343,2377,2076,500,2618,51,00000000,00,00
11560,7728,413,386,431,2353,2343,2376,2090,499,2575,53,00000000,00,00
11560,7729,296,259,325,2357,2344,2379,1447,499,00,61,00000000,00,00
11560,7730,181,137,213,2362,2346,2382,822,500,00,65,00000000,00,00
11560,7731,179,143,203,2362,2348,2383,816,500,00,54,00000000,00,00
11560,7732,182,147,188,2361,2349,2385,813,500,00,45,00000000,00,00
11560,7733,181,143,200,2361,2349,2384,816,500,00,52,00000000,00,00
11560,7734,178,141,209,2362,2347,2383,819,500,00,59,00000000,00,00
11560,7735,182,141,206,2362,2348,2384,816,500,240,58,00000000,00,00
11560,7736,180,148,193,2359,2347,2384,812,499,00,48,00000000,00,00
11560,7737,181,149,191,2358,2348,2386,812,499,00,46,00000000,00,00
11560,7738,186,149,179,2358,2350,2387,806,500,00,51,00000000,00,00
11560,7739,184,152,178,2358,2350,2386,806,500,00,51,00000000,00,00
11560,7740,183,150,184,2359,2350,2386,809,500,00,50,00000000,00,00
11560,7741,182,143,205,2361,2349,2385,817,499,00,58,00000000,00,00
11560,7742,205,173,229,2360,2349,2386,954,499,183,53,00000000,00,00
11560,7743,396,370,429,2357,2346,2380,2024,500,2356,57,00000000,00,00
11560,7744,410,386,413,2357,2348,2382,2059,500,2541,55,00000000,00,00
11560,7745,416,388,410,2357,2348,2382,2073,500,2478,58,00000000,00,00
11560,7746,413,390,420,2359,2349,2382,2087,500,2568,52,00000000,00,00
11560,7747,365,339,375,2360,2350,2383,1817,500,00,50,00000000,00,00
11560,7748,190,150,197,2363,2352,2389,842,499,00,49,00000000,00,00
11560,7749,186,145,193,2361,2351,2390,811,499,00,48,00000000,00,00
11560,7750,184,143,198,2362,2351,2389,811,500,00,53,00000000,00,00
11560,7751,134,108,137,2363,2351,2390,590,500,201,29,00000000,00,00
11560,7752,51,50,44,2362,2354,2395,255,500,828,08,00000000,00,00
11560,7753,31,31,28,2364,2356,2395,181,499,00,10,00000000,00,00
11560,7754,17,18,16,2362,2356,2395,119,499,00,11,00000000,00,00
11560,7755,17,17,16,2362,2357,2394,120,500,00,12,00000000,00,00
11560,7756,17,17,16,2365,2354,2392,118,500,00,12,00000000,00,00
11560,7757,17,18,16,2363,2354,2393,119,500,00,12,00000000,00,00
11560,7758,17,18,16,2364,2354,2393,119,500,00,11,00000000,00,00
11560,7759,17,17,16,2363,2355,2393,119,500,00,12,00000000,00,00
11560,7760,17,18,16,2363,2354,2393,118,499,00,11,00000000,00,00
11560,7761,16,17,16,2362,2356,2395,117,500,00,11,00000000,00,00
11560,7762,15,16,16,2365,2355,2392,113,500,00,11,00000000,00,00
11560,7763,15,17,16,2367,2353,2389,113,500,00,11,00000000,00,00
11560,7764,15,16,16,2368,2353,2390,111,500,00,10,00000000,00,00
11560,7765,15,16,16,2361,2353,2393,113,499,00,11,00000000,00,00
11560,7766,15,17,16,2363,2354,2392,113,500,00,11,00000000,00,00
11560,7767,16,19,17,2363,2356,2394,122,500,00,12,00000000,00,00
11560,7768,15,18,16,2363,2355,2393,118,500,00,11,00000000,00,00
11560,7769,15,17,16,2363,2353,2391,114,500,00,11,00000000,00,00
11560,7770,15,17,16,2363,2351,2389,114,499,00,11,00000000,00,00
11560,7771,15,18,18,2364,2353,2391,119,500,00,10,00000000,00,00
11560,7772,16,17,16,2364,2352,2391,116,500,00,11,00000000,00,00
11560,7773,20,31,27,2366,2350,2389,185,500,00,11,00000000,00,00
11560,7774,24,36,28,2362,2351,2391,208,500,00,20,00000000,00,00
11560,7775,24,36,29,2363,2350,2389,209,499,00,11,00000000,00,00
11560,7776,23,34,29,2362,2351,2390,202,500,00,13,00000000,00,00
11560,7777,24,36,29,2360,2353,2390,212,500,00,18,00000000,00,00
11560,7778,23,34,29,2361,2351,2389,204,500,00,17,00000000,00,00
11560,7779,23,36,30,2363,2352,2391,208,500,00,21,00000000,00,00
11560,7780,23,36,29,2366,2351,2390,209,499,00,22,00000000,00,00
11560,7781,23,35,29,2365,2351,2391,206,500,00,13,00000000,00,00
11560,7782,24,36,30,2365,2351,2390,211,500,00,23,00000000,00,00
11560,7783,25,37,30,2362,2351,2390,217,500,00,21,00000000,00,00
11560,7784,24,36,30,2366,2351,2388,211,500,00,15,00000000,00,00
11560,7785,23,36,30,2368,2349,2385,207,499,00,10,00000000,00,00
11560,7786,23,36,29,2366,2350,2386,206,500,00,14,00000000,00,00
11560,7787,22,35,29,2367,2351,2387,203,500,00,18,00000000,00,00
11560,7788,23,35,30,2369,2352,2388,207,499,00,12,00000000,00,00
11560,7789,23,36,30,2370,2353,2388,210,499,00,14,00000000,00,00
11560,7790,23,36,29,2370,2353,2388,207,500,00,16,00000000,00,00
11560,7791,187,196,224,2365,2349,2381,1009,499,228,40,00000000,00,00
11560,7792,185,150,224,2366,2352,2383,868,499,00,65,00000000,00,00
11560,7793,209,174,250,2364,2351,2383,991,500,463,65,00000000,00,00
11560,7794,678,690,784,2351,2339,2372,3951,500,1830,121,00000000,00,00
11560,7795,726,789,887,2350,2337,2369,4485,499,2141,166,00000000,00,00
11560,7796,712,779,884,2351,2337,2368,4419,500,2071,175,00000000,00,00
11560,7797,633,616,705,2353,2341,2375,3527,500,2341,92,00000000,00,00
11560,7798,438,410,478,2360,2347,2379,2280,499,903,64,00000000,00,00
11560,7799,415,370,444,2360,2347,2380,2081,499,228,67,00000000,00,00
11560,7800,267,217,298,2365,2350,2384,1265,499,00,71,00000000,00,00
11560,7801,183,139,214,2366,2351,2385,831,500,00,64,00000000,00,00
11560,7802,185,135,217,2366,2350,2383,829,500,00,71,00000000,00,00
11560,7803,182,139,215,2366,2351,2384,831,499,00,64,00000000,00,00
11560,7804,191,135,214,2366,2351,2385,829,499,00,68,00000000,00,00
11560,7805,188,135,218,2366,2351,2385,833,500,00,72,00000000,00,00
11560,7806,189,135,218,2365,2350,2384,832,499,00,72,00000000,00,00
11560,7807,189,134,220,2364,2349,2384,832,499,00,74,00000000,00,00
11560,7808,188,136,220,2364,2350,2384,834,499,00,74,00000000,00,00
11560,7809,351,316,394,2359,2348,2382,1775,499,2081,69,00000000,00,00
11560,7810,407,362,440,2352,2341,2374,2041,500,2705,70,00000000,00,00
11560,7811,417,357,443,2356,2343,2378,2055,499,981,77,00000000,00,00
11560,7812,416,363,445,2353,2339,2374,2068,499,2708,73,00000000,00,00
11560,7813,418,366,448,2350,2337,2371,2079,499,2749,73,00000000,00,00
11560,7814,362,326,397,2353,2340,2372,1813,499,00,66,00000000,00,00
11560,7815,190,140,219,2358,2343,2376,846,500,00,70,00000000,00,00
11560,7816,183,137,211,2357,2343,2375,815,499,00,65,00000000,00,00
11560,7817,186,133,213,2359,2343,2375,818,499,00,69,00000000,00,00
11560,7818,186,131,212,2357,2344,2375,817,500,00,70,00000000,00,00
11560,7819,189,132,212,2357,2343,2376,815,500,00,70,00000000,00,00
11560,7820,184,132,217,2358,2344,2376,817,499,00,73,00000000,00,00
11560,7821,180,135,215,2358,2344,2375,816,499,00,70,00000000,00,00
11560,7822,179,136,214,2358,2344,2375,816,499,00,67,00000000,00,00
11560,7823,187,132,213,2357,2343,2375,815,500,1048,69,00000000,00,00
11560,7824,292,235,319,2355,2341,2375,1378,500,213,73,00000000,00,00
11560,7825,412,360,440,2353,2339,2373,2046,499,1814,72,00000000,00,00
11560,7826,417,358,438,2351,2339,2373,2045,499,1883,72,00000000,00,00
11560,7827,417,361,442,2351,2339,2371,2059,499,2761,72,00000000,00,00
11560,7828,416,366,445,2352,2339,2372,2074,500,2707,71,00000000,00,00
11560,7829,401,344,422,2351,2338,2372,1964,500,00,72,00000000,00,00
11560,7830,204,143,224,2355,2342,2373,884,499,00,71,00000000,00,00
11560,7831,182,133,215,2355,2340,2372,816,499,00,71,00000000,00,00
11560,7832,181,134,214,2355,2339,2372,815,499,00,68,00000000,00,00
11560,7833,183,133,215,2355,2340,2372,813,500,00,70,00000000,00,00
11560,7834,184,133,213,2356,2342,2373,814,500,00,69,00000000,00,00
11560,7835,180,135,213,2356,2342,2373,814,499,00,68,00000000,00,00
11560,7836,184,132,215,2355,2341,2372,816,500,00,72,00000000,00,00
11560,7837,181,134,214,2356,2341,2372,814,500,00,68,00000000,00,00
11560,7838,182,132,215,2356,2341,2372,813,499,00,72,00000000,00,00
11560,7839,183,132,214,2355,2340,2371,815,499,00,69,00000000,00,00
11560,7840,181,134,213,2354,2340,2371,814,500,00,67,00000000,00,00
11560,7841,332,278,361,2351,2337,2369,1604,499,1652,70,00000000,00,00
11560,7842,403,366,439,2349,2337,2368,2040,499,2627,66,00000000,00,00
11560,7843,410,365,439,2352,2339,2370,2053,499,2669,66,00000000,00,00
11560,7844,416,366,441,2352,2338,2371,2067,499,2703,68,00000000,00,00
11560,7845,417,367,447,2351,2338,2370,2080,500,2716,71,00000000,00,00
11560,7846,300,259,330,2354,2340,2370,1461,499,00,65,00000000,00,00
11560,7847,184,133,213,2356,2341,2373,818,499,00,68,00000000,00,00
11560,7848,185,131,212,2357,2342,2373,814,500,00,70,00000000,00,00
11560,7849,182,133,214,2358,2343,2374,816,500,00,69,00000000,00,00
11560,7850,184,133,211,2358,2343,2374,814,499,00,68,00000000,00,00
11560,7851,176,136,212,2359,2344,2375,814,500,00,64,00000000,00,00
11560,7852,177,136,211,2357,2344,2375,813,500,00,64,00000000,00,00
11560,7853,178,140,205,2355,2343,2375,812,499,00,58,00000000,00,00
11560,7854,176,140,212,2357,2343,2374,813,499,00,63,00000000,00,00
11560,7855,178,136,214,2356,2342,2374,817,500,00,67,00000000,00,00
11560,7856,181,135,213,2356,2342,2374,816,499,00,67,00000000,00,00
11560,7857,178,139,210,2355,2341,2373,814,499,00,61,00000000,00,00
11560,7858,189,152,229,2357,2343,2375,885,500,175,65,00000000,00,00
11560,7859,400,366,441,2352,2339,2371,2039,500,2294,66,00000000,00,00
11560,7860,401,372,437,2351,2340,2370,2050,499,2554,59,00000000,00,00
11560,7861,414,366,441,2352,2339,2372,2061,500,2700,67,00000000,00,00
11560,7862,414,367,448,2353,2339,2372,2076,500,2719,72,00000000,00,00
11560,7863,368,334,399,2355,2341,2373,1849,500,00,61,00000000,00,00
11560,7864,192,139,221,2359,2344,2377,853,500,00,71,00000000,00,00
11560,7865,182,136,213,2359,2344,2377,817,499,00,66,00000000,00,00
11560,7866,183,134,217,2359,2344,2376,818,500,00,71,00000000,00,00
11560,7867,178,138,212,2358,2344,2377,815,500,248,65,00000000,00,00
11560,7868,180,140,210,2357,2344,2377,816,499,00,61,00000000,00,00
11560,7869,178,137,212,2359,2344,2375,815,499,00,64,00000000,00,00
11560,7870,179,134,213,2359,2344,2375,816,500,00,68,00000000,00,00
11560,7871,182,133,215,2358,2344,2375,815,499,00,70,00000000,00,00
11560,7872,183,132,217,2358,2344,2375,814,499,00,73,00000000,00,00
11560,7873,180,136,217,2357,2344,2376,817,500,00,71,00000000,00,00
11560,7874,180,146,202,2355,2344,2379,812,500,00,54,00000000,00,00
11560,7875,319,296,334,2352,2342,2376,1580,499,1740,52,00000000,00,00
11560,7876,408,359,436,2359,2346,2380,2037,500,2664,69,00000000,00,00
11560,7877,406,364,444,2358,2345,2380,2058,500,2637,72,00000000,00,00
11560,7878,406,373,441,2357,2346,2379,2074,500,2550,63,00000000,00,00
11560,7879,410,386,429,2358,2348,2382,2092,500,2539,56,00000000,00,00
11560,7880,252,215,264,2361,2351,2385,1186,499,00,54,00000000,00,00
11560,7881,187,136,218,2365,2351,2384,833,500,00,70,00000000,00,00
11560,7882,184,135,219,2366,2349,2383,833,500,00,71,00000000,00,00
11560,7883,187,135,211,2365,2349,2384,831,499,238,64,00000000,00,00
11560,7884,188,142,201,2364,2349,2387,830,499,00,54,00000000,00,00
11560,7885,191,144,193,2362,2350,2388,825,500,00,57,00000000,00,00
11560,7886,188,136,218,2365,2352,2386,829,500,00,71,00000000,00,00
11560,7887,188,138,216,2365,2354,2386,830,500,00,70,00000000,00,00
11560,7888,191,135,215,2366,2353,2386,830,499,00,71,00000000,00,00
11560,7889,195,132,215,2367,2354,2387,832,499,246,72,00000000,00,00
11560,7890,285,220,306,2365,2352,2386,1320,500,1749,74,00000000,00,00
11560,7891,412,356,439,2362,2348,2383,2048,499,2681,73,00000000,00,00
11560,7892,405,367,439,2362,2349,2383,2059,499,2524,67,00000000,00,00
11560,7893,407,373,441,2362,2349,2383,2076,500,2539,65,00000000,00,00
11560,7894,413,385,427,2360,2348,2383,2093,500,2562,53,00000000,00,00
11560,7895,262,222,287,2366,2351,2384,1257,499,00,59,00000000,00,00
11560,7896,184,132,216,2369,2352,2385,823,500,00,71,00000000,00,00
11560,7897,182,136,210,2368,2351,2386,817,500,00,64,00000000,00,00
11560,7898,183,134,216,2369,2353,2385,818,499,00,71,00000000,00,00
11560,7899,183,136,215,2368,2352,2385,815,499,00,68,00000000,00,00
11560,7900,185,134,212,2366,2351,2386,807,500,00,69,00000000,00,00
11560,7901,189,131,207,2364,2349,2386,803,500,00,66,00000000,00,00
11560,7902,189,127,213,2367,2350,2385,807,500,00,73,00000000,00,00
11560,7903,186,130,213,2368,2351,2384,816,499,00,71,00000000,00,00
11560,7904,184,132,213,2369,2351,2385,818,499,00,70,00000000,00,00
11560,7905,184,131,214,2369,2352,2385,815,500,00,71,00000000,00,00
11560,7906,202,145,230,2368,2353,2385,893,499,531,72,00000000,00,00
11560,7907,399,359,435,2363,2349,2382,2019,499,2413,67,00000000,00,00
11560,7908,403,366,436,2364,2349,2382,2046,500,2516,65,00000000,00,00
11560,7909,411,362,443,2363,2349,2383,2055,500,2644,72,00000000,00,00
11560,7910,411,365,446,2362,2349,2382,2067,500,2715,72,00000000,00,00
11560,7911,406,379,442,2363,2350,2381,2085,499,2537,60,00000000,00,00
11560,7912,255,212,282,2367,2352,2386,1205,499,00,64,00000000,00,00
11560,7913,177,139,213,2368,2352,2388,814,500,00,64,00000000,00,00
11560,7914,177,139,209,2368,2351,2387,811,500,00,61,00000000,00,00
11560,7915,184,136,205,2369,2352,2387,811,500,00,59,00000000,00,00
11560,7916,184,131,213,2370,2353,2386,814,499,00,70,00000000,00,00
11560,7917,184,138,198,2367,2351,2389,810,499,00,57,00000000,00,00
11560,7918,189,135,198,2367,2352,2389,807,500,00,58,00000000,00,00
11560,7919,184,135,204,2369,2352,2388,810,500,00,60,00000000,00,00
11560,7920,187,129,211,2369,2352,2387,810,500,00,70,00000000,00,00
11560,7921,185,131,211,2369,2352,2385,813,499,00,69,00000000,00,00
11560,7922,184,132,209,2370,2353,2384,812,499,00,68,00000000,00,00
11560,7923,182,144,211,2369,2352,2384,836,500,220,59,00000000,00,00
11560,7924,385,361,402,2364,2349,2382,1944,500,2388,47,00000000,00,00
11560,7925,403,374,426,2364,2348,2382,2045,500,2620,53,00000000,00,00
11560,7926,405,377,429,2364,2349,2382,2060,499,2608,52,00000000,00,00
11560,7927,408,375,437,2365,2349,2382,2075,499,2514,58,00000000,00,00
11560,7928,410,380,429,2364,2348,2381,2079,500,00,52,00000000,00,00
11560,7929,219,174,227,2368,2351,2387,988,500,247,51,00000000,00,00
11560,7930,184,140,195,2367,2351,2388,810,500,00,51,00000000,00,00
11560,7931,186,130,214,2368,2351,2387,812,499,00,72,00000000,00,00
11560,7932,186,129,213,2368,2350,2387,814,499,00,71,00000000,00,00
11560,7933,187,138,197,2366,2351,2390,812,500,00,57,00000000,00,00
11560,7934,190,134,199,2365,2350,2389,813,500,00,59,00000000,00,00
11560,7935,190,130,209,2366,2351,2388,811,500,00,68,00000000,00,00
11560,7936,188,127,217,2368,2351,2386,816,500,00,77,00000000,00,00
11560,7937,178,137,210,2367,2350,2387,812,500,00,64,00000000,00,00
11560,7938,184,132,213,2367,2351,2387,817,499,00,68,00000000,00,00
11560,7939,188,132,209,2366,2349,2387,813,499,00,68,00000000,00,00
11560,7940,340,297,371,2361,2348,2384,1680,500,1575,64,00000000,00,00
11560,7941,404,364,436,2361,2346,2380,2045,500,2515,66,00000000,00,00
11560,7942,404,373,435,2360,2347,2380,2058,500,2580,60,00000000,00,00
11560,7943,406,375,437,2360,2347,2381,2073,500,2560,60,00000000,00,00
11560,7944,413,387,421,2359,2346,2381,2088,500,2547,51,00000000,00,00
11560,7945,299,264,318,2365,2348,2383,1456,499,00,55,00000000,00,00
11560,7946,182,137,211,2366,2350,2385,816,500,00,63,00000000,00,00
11560,7947,183,133,216,2367,2350,2385,816,500,00,72,00000000,00,00
11560,7948,184,138,202,2366,2350,2388,809,500,00,57,00000000,00,00
11560,7949,187,132,206,2367,2349,2387,815,500,00,63,00000000,00,00
11560,7950,186,129,215,2369,2350,2385,816,500,00,72,00000000,00,00
11560,7951,181,140,204,2368,2350,2386,814,499,00,57,00000000,00,00
11560,7952,176,153,187,2365,2351,2388,806,499,00,45,00000000,00,00
11560,7953,177,151,187,2364,2351,2387,806,500,00,46,00000000,00,00
11560,7954,187,138,200,2365,2351,2389,811,500,00,59,00000000,00,00
11560,7955,187,141,195,2365,2352,2390,809,500,00,52,00000000,00,00
11560,7956,195,145,172,2362,2353,2390,795,500,00,55,00000000,00,00
11560,7957,197,144,171,2361,2354,2389,795,500,00,57,00000000,00,00
11560,7958,356,328,371,2359,2348,2384,1773,500,2119,54,00000000,00,00
11560,7959,403,375,424,2360,2347,2381,2051,500,2576,54,00000000,00,00
11560,7960,413,387,405,2359,2347,2381,2065,500,2445,57,00000000,00,00
11560,7961,418,386,410,2357,2346,2381,2080,500,2464,58,00000000,00,00
11560,7962,419,388,416,2358,2345,2381,2090,500,2455,57,00000000,00,00
11560,7963,273,228,258,2360,2348,2385,1244,500,00,57,00000000,00,00
11560,7964,189,145,183,2362,2351,2388,804,500,00,52,00000000,00,00
11560,7965,188,142,190,2362,2350,2388,804,500,234,51,00000000,00,00
11560,7966,187,143,193,2362,2350,2387,810,500,00,50,00000000,00,00
11560,7967,186,148,182,2363,2352,2388,807,500,00,47,00000000,00,00
11560,7968,189,150,170,2361,2352,2387,798,500,00,53,00000000,00,00
11560,7969,190,145,179,2361,2350,2386,803,500,00,53,00000000,00,00
11560,7970,189,139,194,2363,2350,2387,809,500,00,52,00000000,00,00
11560,7971,186,142,200,2362,2351,2388,811,500,00,55,00000000,00,00
11560,7972,188,143,186,2362,2350,2388,804,500,00,48,00000000,00,00
11560,7973,198,145,169,2352,2344,2379,793,500,00,51,00000000,00,00
11560,7974,191,143,177,2358,2347,2383,802,500,00,53,00000000,00,00
11560,7975,182,138,197,2358,2342,2378,810,500,00,53,00000000,00,00
11560,7976,307,278,338,2355,2340,2372,1532,500,1655,53,00000000,00,00
11560,7977,409,383,405,2353,2339,2373,2041,500,2446,53,00000000,00,00
11560,7978,419,387,398,2354,2341,2375,2058,500,2431,61,00000000,00,00
11560,7979,420,389,404,2353,2340,2375,2073,500,2424,59,00000000,00,00
11560,7980,429,389,399,2352,2340,2376,2087,500,2345,63,00000000,00,00
11560,7981,315,275,303,2356,2342,2378,1487,500,00,56,00000000,00,00
11560,7982,189,146,178,2363,2351,2389,812,500,00,51,00000000,00,00
11560,7983,192,146,169,2361,2354,2389,799,500,00,54,00000000,00,00
11560,7984,191,145,174,2361,2353,2389,800,500,00,55,00000000,00,00
11560,7985,187,139,195,2362,2350,2387,810,500,00,53,00000000,00,00
11560,7986,185,140,197,2361,2347,2385,811,499,00,53,00000000,00,00
11560,7987,199,141,168,2357,2353,2384,794,499,00,56,00000000,00,00
11560,7988,212,129,164,2356,2357,2382,788,500,00,63,00000000,00,00
11560,7989,192,143,178,2358,2350,2385,800,500,00,53,00000000,00,00
11560,7990,181,145,191,2360,2349,2385,809,501,00,48,00000000,00,00
11560,7991,191,145,171,2359,2352,2386,797,500,00,53,00000000,00,00
11560,7992,194,144,168,2359,2353,2387,795,500,00,55,00000000,00,00
11560,7993,188,145,181,2359,2349,2387,803,500,00,50,00000000,00,00
11560,7994,188,143,182,2359,2348,2386,804,500,00,50,00000000,00,00
11560,7995,343,312,327,2356,2347,2383,1649,500,2040,57,00000000,00,00
11560,7996,420,384,391,2354,2347,2380,2047,500,2343,62,00000000,00,00
11560,7997,425,385,392,2356,2347,2380,2061,500,2309,66,00000000,00,00
11560,7998,419,392,401,2355,2347,2380,2077,500,2404,58,00000000,00,00
11560,7999,422,394,405,2355,2346,2379,2093,500,2383,60,00000000,00,00
11560,8000,255,216,237,2355,2348,2383,1151,500,00,55,00000000,00,00
11560,8001,193,148,165,2357,2352,2384,799,500,00,55,00000000,00,00
11560,8002,198,142,168,2356,2351,2385,799,500,00,58,00000000,00,00
11560,8003,190,144,182,2357,2349,2386,805,500,00,53,00000000,00,00
11560,8004,186,146,184,2358,2348,2386,808,500,00,49,00000000,00,00
11560,8005,194,146,170,2356,2349,2385,799,500,00,54,00000000,00,00
11560,8006,192,147,171,2357,2350,2386,799,500,00,54,00000000,00,00
11560,8007,199,141,168,2357,2351,2386,797,500,00,58,00000000,00,00
11560,8008,195,145,169,2358,2352,2387,797,500,00,55,00000000,00,00
11560,8009,190,148,174,2358,2352,2387,802,500,00,53,00000000,00,00
11560,8010,189,148,178,2359,2352,2388,802,500,00,51,00000000,00,00
11560,8011,184,149,182,2359,2350,2387,804,500,00,48,00000000,00,00
11560,8012,190,156,194,2360,2349,2386,848,500,212,48,00000000,00,00
11560,8013,401,380,394,2355,2346,2380,2005,500,2250,57,00000000,00,00
11560,8014,417,386,394,2355,2346,2379,2055,500,2377,59,00000000,00,00
11560,8015,423,386,394,2354,2345,2380,2066,500,2364,63,00000000,00,00
11560,8016,422,389,404,2354,2345,2380,2081,500,2376,61,00000000,00,00
11560,8017,397,364,383,2356,2346,2382,1951,500,00,60,00000000,00,00
11560,8018,197,160,193,2358,2350,2387,868,499,00,49,00000000,00,00
11560,8019,201,142,164,2356,2355,2384,789,499,00,58,00000000,00,00
11560,8020,191,147,171,2356,2350,2385,798,500,00,52,00000000,00,00
11560,8021,197,144,168,2355,2352,2385,792,500,00,55,00000000,00,00
11560,8022,186,142,193,2359,2350,2386,808,500,00,52,00000000,00,00
11560,8023,190,142,183,2359,2349,2388,803,500,00,52,00000000,00,00
11560,8024,196,142,175,2359,2351,2388,799,500,00,58,00000000,00,00
11560,8025,189,139,194,2361,2349,2389,809,500,00,54,00000000,00,00
11560,8026,188,139,195,2363,2350,2389,809,500,00,54,00000000,00,00
11560,8027,192,140,182,2363,2351,2391,804,500,00,53,00000000,00,00
11560,8028,191,141,183,2363,2352,2390,804,500,00,54,00000000,00,00
11560,8029,190,140,193,2364,2350,2390,807,500,00,56,00000000,00,00
11560,8030,189,138,196,2365,2350,2391,809,500,00,56,00000000,00,00
11560,8031,227,188,232,2363,2352,2390,1030,499,527,53,00000000,00,00
11560,8032,405,377,409,2360,2348,2385,2032,499,2414,55,00000000,00,00
11560,8033,403,377,430,2362,2348,2383,2062,500,2549,55,00000000,00,00
11560,8034,408,387,428,2360,2348,2383,2078,500,2584,53,00000000,00,00
11560,8035,400,384,402,2360,2348,2382,2008,500,00,54,00000000,00,00
11560,8036,199,160,220,2365,2350,2386,905,500,00,59,00000000,00,00
11560,8037,189,138,197,2360,2349,2388,806,500,00,61,00000000,00,00
11560,8038,197,143,180,2358,2351,2389,796,499,00,55,00000000,00,00
11560,8039,191,139,196,2360,2348,2388,807,499,242,59,00000000,00,00
11560,8040,184,143,198,2360,2348,2387,811,500,00,52,00000000,00,00
11560,8041,180,143,200,2362,2350,2386,811,500,00,54,00000000,00,00
11560,8042,181,146,195,2362,2351,2387,811,500,00,47,00000000,00,00
11560,8043,179,144,202,2363,2351,2386,814,500,00,53,00000000,00,00
11560,8044,177,142,208,2363,2350,2385,814,500,00,61,00000000,00,00
11560,8045,179,139,214,2364,2351,2385,816,499,00,66,00000000,00,00
11560,8046,179,138,215,2365,2352,2385,816,500,00,68,00000000,00,00
11560,8047,180,145,194,2364,2351,2389,809,500,00,52,00000000,00,00
11560,8048,189,145,181,2363,2353,2390,804,500,00,50,00000000,00,00
11560,8049,184,146,189,2362,2351,2389,808,500,00,47,00000000,00,00
11560,8050,177,155,180,2361,2351,2388,805,499,00,49,00000000,00,00
11560,8051,180,156,175,2358,2351,2387,800,500,00,52,00000000,00,00
11560,8052,185,150,178,2359,2351,2386,801,500,244,51,00000000,00,00
11560,8053,177,145,200,2361,2350,2385,810,500,235,52,00000000,00,00
11560,8054,177,144,198,2361,2348,2385,812,500,245,49,00000000,00,00
11560,8055,184,145,191,2360,2350,2387,808,500,00,48,00000000,00,00
11560,8056,181,142,206,2360,2350,2386,810,500,00,60,00000000,00,00
11560,8057,183,150,186,2358,2352,2388,804,500,00,51,00000000,00,00
11560,8058,184,147,189,2357,2351,2385,807,499,249,52,00000000,00,00
11560,8059,180,148,194,2358,2349,2384,810,499,00,51,00000000,00,00
11560,8060,162,132,156,2360,2349,2384,713,500,111,36,00000000,00,00
11560,8061,52,55,46,2365,2351,2385,255,500,1307,07,00000000,00,00
11560,8062,41,45,38,2368,2354,2390,216,500,00,09,00000000,00,00
11560,8063,20,27,22,2369,2356,2393,162,499,00,11,00000000,00,00
11560,8064,85,100,96,2365,2354,2391,543,499,246,18,00000000,00,00
11560,8065,171,154,210,2364,2352,2385,836,500,00,55,00000000,00,00
11560,8066,177,140,214,2367,2353,2383,823,500,00,63,00000000,00,00
11560,8067,350,315,388,2363,2350,2381,1770,500,1613,63,00000000,00,00
11560,8068,397,377,434,2361,2349,2379,2053,499,2559,54,00000000,00,00
11560,8069,401,376,437,2360,2349,2379,2067,499,2526,57,00000000,00,00
11560,8070,405,385,432,2359,2349,2380,2086,500,2549,48,00000000,00,00
11560,8071,381,349,414,2361,2349,2380,1929,500,00,61,00000000,00,00
11560,8072,189,149,224,2367,2351,2383,877,500,00,65,00000000,00,00
11560,8073,180,139,209,2365,2351,2384,818,499,00,60,00000000,00,00
11560,8074,180,135,212,2366,2351,2384,817,499,00,66,00000000,00,00
11560,8075,183,133,216,2366,2351,2385,821,500,00,70,00000000,00,00
11560,8076,184,131,212,2368,2353,2385,816,500,00,69,00000000,00,00
11560,8077,188,131,212,2368,2353,2385,817,500,00,70,00000000,00,00
11560,8078,183,131,215,2368,2353,2385,818,499,00,71,00000000,00,00
11560,8079,181,133,215,2367,2352,2384,818,499,00,70,00000000,00,00
11560,8080,183,131,214,2366,2352,2384,818,500,00,71,00000000,00,00
11560,8081,184,132,214,2366,2353,2385,816,499,00,71,00000000,00,00
11560,8082,177,139,212,2365,2352,2386,817,499,00,63,00000000,00,00
11560,8083,174,143,209,2365,2352,2387,815,500,00,58,00000000,00,00
11560,8084,180,135,215,2367,2352,2386,818,500,00,68,00000000,00,00
11560,8085,186,131,212,2367,2353,2386,817,500,00,69,00000000,00,00
11560,8086,191,129,215,2365,2352,2386,818,499,00,76,00000000,00,00
11560,8087,182,133,217,2367,2353,2385,819,499,00,72,00000000,00,00
11560,8088,179,137,215,2367,2354,2386,818,500,00,68,00000000,00,00
11560,8089,181,134,213,2367,2353,2386,817,500,00,68,00000000,00,00
11560,8090,185,131,215,2365,2352,2383,818,499,00,71,00000000,00,00
11560,8091,186,130,214,2366,2351,2383,818,500,00,72,00000000,00,00
11560,8092,189,130,211,2366,2352,2383,816,500,248,70,00000000,00,00
11560,8093,187,138,208,2365,2353,2385,815,500,00,62,00000000,00,00
11560,8094,188,135,212,2366,2354,2386,820,500,241,68,00000000,00,00
11560,8095,372,332,414,2361,2352,2383,1885,499,2330,70,00000000,00,00
11560,8096,409,361,440,2360,2349,2382,2053,500,2768,69,00000000,00,00
11560,8097,414,361,444,2360,2348,2382,2068,500,2774,74,00000000,00,00
11560,8098,425,362,440,2359,2347,2380,2084,499,2820,71,00000000,00,00
11560,8099,297,237,315,2361,2350,2382,1387,499,00,71,00000000,00,00
11560,8100,181,135,216,2364,2351,2383,821,500,00,70,00000000,00,00
11560,8101,179,135,215,2363,2351,2383,816,499,00,69,00000000,00,00
11560,8102,181,135,215,2365,2351,2383,816,499,00,70,00000000,00,00
11560,8103,183,134,211,2364,2351,2383,813,500,00,68,00000000,00,00
11560,8104,184,134,212,2364,2351,2382,814,500,00,69,00000000,00,00
11560,8105,186,132,211,2364,2350,2382,814,500,00,69,00000000,00,00
11560,8106,191,132,205,2363,2350,2383,812,499,00,64,00000000,00,00
11560,8107,188,131,212,2363,2350,2382,811,499,00,72,00000000,00,00
11560,8108,186,132,218,2363,2350,2381,816,500,00,74,00000000,00,00
11560,8109,185,132,214,2364,2350,2381,816,500,243,71,00000000,00,00
11560,8110,190,132,207,2363,2351,2382,813,499,00,65,00000000,00,00
11560,8111,186,132,212,2362,2350,2381,815,500,601,69,00000000,00,00
11560,8112,190,134,205,2361,2351,2382,811,500,00,63,00000000,00,00
11560,8113,190,132,209,2362,2353,2384,812,499,00,69,00000000,00,00
11560,8114,184,133,214,2366,2353,2385,817,499,00,71,00000000,00,00
11560,8115,178,138,214,2365,2352,2385,815,500,00,67,00000000,00,00
11560,8116,177,139,214,2367,2353,2385,814,499,00,67,00000000,00,00
11560,8117,188,133,212,2365,2354,2386,815,499,00,70,00000000,00,00
11560,8118,190,131,211,2365,2354,2386,813,500,00,70,00000000,00,00
11560,8119,190,132,211,2365,2354,2386,815,500,00,69,00000000,00,00
11560,8120,183,135,214,2367,2354,2385,816,499,00,70,00000000,00,00
11560,8121,186,131,216,2365,2354,2384,815,500,245,73,00000000,00,00
11560,8122,192,131,207,2364,2354,2385,811,500,248,67,00000000,00,00
11560,8123,188,131,211,2367,2355,2386,816,499,00,70,00000000,00,00
11560,8124,93,79,102,2370,2356,2389,445,499,380,29,00000000,00,00
11560,8125,51,51,44,2371,2356,2390,254,500,865,07,00000000,00,00
11560,8126,21,22,19,2370,2358,2390,127,500,00,11,00000000,00,00
11560,8127,16,17,16,2371,2356,2390,116,500,00,11,00000000,00,00
11560,8128,16,17,15,2371,2356,2390,116,499,00,11,00000000,00,00
11560,8129,16,18,15,2372,2356,2390,116,499,00,11,00000000,00,00
11560,8130,17,17,15,2372,2357,2391,117,500,00,11,00000000,00,00
11560,8131,16,17,15,2371,2358,2389,115,500,00,11,00000000,00,00
11560,8132,17,17,16,2371,2355,2390,116,500,00,11,00000000,00,00
11560,8133,17,17,15,2370,2356,2392,116,499,00,11,00000000,00,00
11560,8134,16,16,15,2368,2357,2393,112,499,00,11,00000000,00,00
11560,8135,15,16,16,2368,2356,2393,111,500,00,11,00000000,00,00
11560,8136,207,193,235,2364,2351,2384,1116,500,233,43,00000000,00,00
11560,8137,188,136,211,2366,2352,2385,831,500,00,64,00000000,00,00
11560,8138,224,194,250,2364,2351,2385,1069,499,478,56,00000000,00,00
11560,8139,410,387,415,2360,2349,2381,2073,499,2417,52,00000000,00,00
11560,8140,405,379,426,2360,2348,2381,2064,500,2584,49,00000000,00,00
11560,8141,411,371,441,2361,2347,2381,2079,500,2582,63,00000000,00,00
11560,8142,408,382,442,2360,2346,2379,2095,500,2517,57,00000000,00,00
11560,8143,247,208,267,2363,2347,2382,1166,500,00,57,00000000,00,00
11560,8144,183,138,207,2362,2348,2383,817,500,00,60,00000000,00,00
11560,8145,186,136,210,2362,2348,2384,817,500,00,65,00000000,00,00
11560,8146,183,138,210,2362,2349,2384,816,499,241,64,00000000,00,00
11560,8147,183,136,211,2362,2348,2383,815,499,00,66,00000000,00,00
11560,8148,181,138,213,2362,2348,2384,815,500,00,66,00000000,00,00
11560,8149,186,132,215,2364,2349,2384,818,500,00,70,00000000,00,00
11560,8150,186,131,222,2364,2349,2384,822,500,00,79,00000000,00,00
11560,8151,185,135,215,2364,2350,2385,815,499,00,71,00000000,00,00
11560,8152,184,134,219,2364,2350,2384,818,499,00,75,00000000,00,00
11560,8153,186,134,218,2364,2351,2384,819,500,00,73,00000000,00,00
11560,8154,191,133,209,2363,2351,2384,814,500,00,68,00000000,00,00
11560,8155,187,138,210,2363,2350,2384,811,500,247,65,00000000,00,00
11560,8156,188,136,217,2363,2349,2383,818,499,00,72,00000000,00,00
11560,8157,197,131,216,2360,2349,2384,817,499,00,75,00000000,00,00
11560,8158,193,127,224,2362,2348,2383,822,500,00,84,00000000,00,00
11560,8159,187,135,220,2362,2349,2385,818,500,00,76,00000000,00,00
11560,8160,191,132,220,2361,2349,2383,816,500,00,79,00000000,00,00
11560,8161,197,129,221,2361,2349,2384,817,499,245,82,00000000,00,00
11560,8162,194,129,220,2361,2348,2383,817,499,00,82,00000000,00,00
11560,8163,191,131,220,2361,2348,2382,820,500,00,79,00000000,00,00
11560,8164,185,134,220,2363,2350,2383,820,500,00,77,00000000,00,00
11560,8165,181,141,218,2363,2351,2384,815,500,00,70,00000000,00,00
11560,8166,265,231,311,2361,2349,2382,1303,499,788,71,00000000,00,00
11560,8167,406,360,440,2358,2346,2380,2044,499,2649,71,00000000,00,00
11560,8168,414,362,439,2355,2344,2377,2061,500,2770,69,00000000,00,00
11560,8169,420,362,444,2355,2344,2378,2081,500,2822,72,00000000,00,00
11560,8170,358,309,394,2357,2345,2380,1765,499,00,76,00000000,00,00
11560,8171,195,135,223,2361,2347,2381,840,500,00,78,00000000,00,00
11560,8172,185,132,220,2361,2348,2381,818,500,00,77,00000000,00,00
11560,8173,185,134,218,2361,2348,2381,817,500,00,74,00000000,00,00
11560,8174,184,133,217,2361,2347,2379,817,500,00,73,00000000,00,00
11560,8175,188,130,218,2362,2346,2380,814,499,00,78,00000000,00,00
11560,8176,191,130,214,2362,2348,2382,814,500,247,74,00000000,00,00
11560,8177,195,131,209,2359,2349,2382,811,500,247,70,00000000,00,00
11560,8178,190,135,207,2360,2349,2383,807,499,00,64,00000000,00,00
11560,8179,192,136,205,2362,2351,2384,809,499,00,61,00000000,00,00
11560,8180,187,139,205,2362,2351,2384,810,500,00,60,00000000,00,00
11560,8181,191,137,206,2360,2350,2382,808,499,00,62,00000000,00,00
11560,8182,190,138,205,2360,2350,2382,809,499,00,59,00000000,00,00
11560,8183,191,136,207,2360,2349,2382,809,499,00,62,00000000,00,00
11560,8184,193,133,207,2359,2349,2382,809,499,00,66,00000000,00,00
11560,8185,191,135,205,2360,2348,2381,808,500,00,61,00000000,00,00
11560,8186,190,137,205,2360,2349,2382,810,499,249,61,00000000,00,00
11560,8187,196,131,210,2360,2349,2383,810,499,00,70,00000000,00,00
11560,8188,187,138,205,2361,2350,2382,808,500,00,60,00000000,00,00
11560,8189,186,140,206,2359,2349,2382,808,500,00,59,00000000,00,00
11560,8190,183,141,208,2359,2348,2382,808,499,00,62,00000000,00,00
11560,8191,182,143,210,2359,2347,2382,810,499,00,61,00000000,00,00
11560,8192,179,143,208,2357,2346,2382,808,499,00,61,00000000,00,00
11560,8193,176,144,210,2360,2346,2383,811,499,00,64,00000000,00,00
11560,8194,172,145,209,2362,2346,2383,816,499,00,62,00000000,00,00
11560,8195,256,235,293,2359,2345,2381,1272,500,821,64,00000000,00,00
11560,8196,389,372,444,2357,2342,2380,2047,499,2337,74,00000000,00,00
11560,8197,393,375,448,2357,2342,2382,2069,499,2406,75,00000000,00,00
11560,8198,401,379,444,2356,2342,2382,2086,499,2431,70,00000000,00,00
11560,8199,378,357,444,2355,2340,2380,1996,499,00,83,00000000,00,00
11560,8200,187,150,239,2363,2344,2383,904,499,00,86,00000000,00,00
11560,8201,175,128,231,2364,2343,2380,828,499,00,97,00000000,00,00
11560,8202,174,124,238,2364,2345,2380,831,499,00,106,00000000,00,00
11560,8203,170,129,236,2364,2344,2380,831,499,00,100,00000000,00,00
11560,8204,175,120,243,2365,2344,2379,831,499,00,112,00000000,00,00
11560,8205,179,115,247,2365,2346,2378,833,499,00,120,00000000,00,00
11560,8206,178,117,242,2365,2344,2379,830,499,00,113,00000000,00,00
11560,8207,180,113,243,2366,2344,2377,831,499,00,116,00000000,00,00
11560,8208,178,113,245,2364,2343,2376,831,499,00,118,00000000,00,00
11560,8209,181,112,245,2365,2345,2376,833,499,00,118,00000000,00,00
11560,8210,185,106,246,2366,2345,2376,832,499,227,121,00000000,00,00
11560,8211,191,103,245,2365,2345,2376,833,499,00,123,00000000,00,00
11560,8212,176,122,241,2365,2345,2380,831,499,00,108,00000000,00,00
11560,8213,175,139,217,2362,2346,2385,817,499,00,76,00000000,00,00
11560,8214,172,129,231,2365,2344,2383,828,499,00,96,00000000,00,00
11560,8215,174,126,235,2363,2342,2382,827,499,00,102,00000000,00,00
11560,8216,172,128,238,2364,2344,2381,830,499,00,104,00000000,00,00
11560,8217,169,131,236,2364,2345,2382,829,499,00,100,00000000,00,00
11560,8218,171,128,237,2364,2344,2381,829,499,00,102,00000000,00,00
11560,8219,173,124,243,2365,2345,2382,834,499,00,111,00000000,00,00
11560,8220,174,129,237,2365,2345,2385,832,499,00,102,00000000,00,00
11560,8221,169,131,235,2366,2344,2384,832,499,00,98,00000000,00,00
11560,8222,175,124,238,2365,2344,2383,829,499,00,106,00000000,00,00
11560,8223,178,122,245,2367,2345,2382,844,499,238,113,00000000,00,00
11560,8224,362,344,430,2357,2341,2382,1915,499,2157,84,00000000,00,00
11560,8225,388,353,469,2358,2342,2380,2055,499,2477,102,00000000,00,00
11560,8226,395,342,482,2359,2343,2380,2070,500,2540,116,00000000,00,00
11560,8227,400,342,484,2359,2343,2380,2085,500,2523,117,00000000,00,00
11560,8228,250,179,320,2366,2346,2381,1211,499,00,122,00000000,00,00
11560,8229,167,129,241,2366,2345,2382,834,499,00,104,00000000,00,00
11560,8230,176,120,243,2367,2345,2380,833,499,00,110,00000000,00,00
11560,8231,171,122,240,2367,2344,2379,831,499,00,108,00000000,00,00
11560,8232,176,114,244,2368,2346,2379,832,499,00,115,00000000,00,00
11560,8233,176,113,245,2368,2345,2378,834,499,00,116,00000000,00,00
11560,8234,183,108,246,2369,2346,2378,831,499,00,120,00000000,00,00
11560,8235,182,109,250,2368,2345,2379,835,499,00,124,00000000,00,00
11560,8236,180,108,251,2365,2344,2376,833,499,00,126,00000000,00,00
11560,8237,178,113,246,2364,2342,2376,834,499,00,119,00000000,00,00
11560,8238,200,100,240,2365,2347,2378,827,499,211,121,00000000,00,00
11560,8239,189,103,244,2367,2347,2377,830,499,228,122,00000000,00,00
11560,8240,184,105,244,2368,2346,2376,829,499,00,121,00000000,00,00
11560,8241,174,117,242,2367,2345,2378,829,499,00,112,00000000,00,00
11560,8242,180,111,244,2368,2346,2378,831,499,232,117,00000000,00,00
11560,8243,179,111,243,2366,2345,2376,830,499,00,116,00000000,00,00
11560,8244,179,112,242,2367,2345,2377,827,499,00,115,00000000,00,00
11560,8245,184,104,244,2367,2346,2375,829,499,212,121,00000000,00,00
11560,8246,196,101,235,2364,2346,2376,824,499,222,116,00000000,00,00
11560,8247,214,99,219,2359,2345,2377,819,499,908,107,00000000,00,00
11560,8248,223,99,206,2354,2348,2379,813,499,189,101,00000000,00,00
11560,8249,231,98,202,2353,2348,2378,816,499,196,99,00000000,00,00
11560,8250,225,96,207,2356,2347,2378,815,498,198,103,00000000,00,00
11560,8251,214,97,221,2358,2344,2375,820,499,186,112,00000000,00,00
11560,8252,190,103,239,2364,2344,2371,829,499,00,117,00000000,00,00
11560,8253,73,67,68,2367,2341,2368,332,499,845,11,00000000,00,00
11560,8254,51,53,47,2365,2342,2367,251,499,00,07,00000000,00,00
11560,8255,19,24,22,2365,2344,2367,152,499,00,10,00000000,00,00
11560,8256,149,103,153,2357,2345,2367,626,499,1111,48,00000000,00,00
11560,8257,239,104,214,2352,2345,2377,862,499,00,104,00000000,00,00
11560,8258,250,115,208,2350,2347,2377,885,499,433,93,00000000,00,00
11560,8259,481,299,431,2346,2339,2369,2086,499,2146,121,00000000,00,00
11560,8260,470,278,428,2346,2339,2371,2022,498,2421,131,00000000,00,00
11560,8261,470,278,443,2350,2336,2371,2039,499,2394,135,00000000,00,00
11560,8262,481,254,460,2351,2333,2373,2047,499,2329,160,00000000,00,00
11560,8263,330,199,351,2357,2338,2373,1449,499,210,127,00000000,00,00
11560,8264,221,99,216,2355,2346,2376,826,499,159,107,00000000,00,00
11560,8265,194,102,235,2362,2344,2370,826,499,235,115,00000000,00,00
11560,8266,208,100,227,2358,2344,2373,822,499,218,112,00000000,00,00
11560,8267,197,101,239,2363,2344,2372,830,499,555,119,00000000,00,00
11560,8268,204,96,239,2360,2347,2374,830,499,211,125,00000000,00,00
11560,8269,198,101,236,2362,2346,2373,827,499,170,117,00000000,00,00
11560,8270,202,100,230,2362,2346,2373,827,499,180,113,00000000,00,00
11560,8271,193,102,238,2366,2347,2373,829,499,00,118,00000000,00,00
11560,8272,198,101,233,2366,2347,2374,825,499,951,115,00000000,00,00
11560,8273,201,99,242,2364,2346,2375,832,499,222,123,00000000,00,00
11560,8274,207,98,232,2361,2347,2375,823,499,198,118,00000000,00,00
11560,8275,198,102,235,2363,2347,2374,825,499,1762,116,00000000,00,00
11560,8276,201,102,232,2362,2347,2376,823,499,912,115,00000000,00,00
11560,8277,201,99,233,2362,2348,2375,822,499,232,118,00000000,00,00
11560,8278,192,103,238,2364,2346,2374,823,499,178,119,00000000,00,00
11560,8279,198,100,236,2364,2345,2374,826,499,00,119,00000000,00,00
11560,8280,193,102,240,2366,2346,2375,826,499,229,120,00000000,00,00
11560,8281,209,99,231,2362,2347,2378,823,499,894,117,00000000,00,00
11560,8282,199,99,239,2364,2347,2376,825,499,570,122,00000000,00,00
11560,8283,198,100,238,2364,2346,2375,823,499,00,120,00000000,00,00
11560,8284,194,103,236,2365,2346,2375,826,499,00,115,00000000,00,00
11560,8285,183,108,242,2366,2345,2373,827,499,605,115,00000000,00,00
11560,8286,191,102,244,2364,2346,2374,828,499,00,124,00000000,00,00
11560,8287,190,102,245,2365,2345,2374,828,499,00,123,00000000,00,00
11560,8288,106,67,113,2363,2346,2372,447,499,723,49,00000000,00,00
11560,8289,51,54,48,2366,2343,2371,253,499,1404,06,00000000,00,00
11560,8290,51,54,47,2367,2339,2373,254,499,1441,07,00000000,00,00
11560,8291,51,54,47,2368,2339,2372,255,499,1353,06,00000000,00,00
11560,8292,51,55,47,2367,2338,2373,255,499,1371,06,00000000,00,00
11560,8293,51,53,48,2368,2338,2373,253,499,1234,08,00000000,00,00
11560,8294,52,54,47,2367,2339,2370,253,499,1361,08,00000000,00,00
11560,8295,51,54,48,2367,2338,2371,255,500,1298,07,00000000,00,00
11560,8296,51,53,47,2368,2337,2371,252,499,1449,08,00000000,00,00
11560,8297,52,54,48,2367,2337,2371,255,499,1616,07,00000000,00,00
11560,8298,50,52,47,2365,2336,2370,245,499,1517,06,00000000,00,00
11560,8299,51,51,47,2365,2335,2370,243,499,1300,06,00000000,00,00
11560,8300,50,51,48,2370,2336,2368,243,499,1400,07,00000000,00,00
11560,8301,50,51,48,2365,2336,2372,242,499,1473,07,00000000,00,00
11560,8302,51,55,60,2366,2337,2372,264,499,1335,11,00000000,00,00
11560,8303,149,116,224,2361,2337,2370,768,500,00,97,00000000,00,00
11560,8304,173,128,236,2358,2336,2375,836,500,00,101,00000000,00,00
11560,8305,260,233,335,2353,2334,2374,1350,499,1235,98,00000000,00,00
11560,8306,391,371,464,2349,2333,2374,2076,499,2342,88,00000000,00,00
11560,8307,394,376,450,2349,2334,2374,2068,499,2371,76,00000000,00,00
11560,8308,397,378,452,2350,2334,2374,2085,500,2433,77,00000000,00,00
11560,8309,394,374,445,2350,2334,2374,2061,500,00,72,00000000,00,00
11560,8310,196,160,252,2358,2336,2376,956,499,00,89,00000000,00,00
11560,8311,176,121,244,2360,2337,2373,837,500,00,112,00000000,00,00
11560,8312,173,131,232,2357,2336,2375,830,500,00,96,00000000,00,00
11560,8313,175,135,225,2357,2337,2376,827,499,00,86,00000000,00,00
11560,8314,177,139,219,2356,2337,2377,823,499,00,77,00000000,00,00
11560,8315,174,121,239,2362,2339,2373,832,499,00,108,00000000,00,00
11560,8316,177,116,242,2363,2341,2372,834,500,00,112,00000000,00,00
11560,8317,182,111,246,2364,2342,2372,834,500,00,118,00000000,00,00
11560,8318,175,123,240,2363,2342,2377,833,499,00,108,00000000,00,00
11560,8319,170,137,231,2360,2341,2380,831,499,00,92,00000000,00,00
11560,8320,162,146,228,2359,2340,2378,832,499,00,82,00000000,00,00
11560,8321,176,143,218,2357,2341,2380,820,500,00,73,00000000,00,00
11560,8322,178,141,213,2356,2340,2379,817,500,00,67,00000000,00,00
11560,8323,176,137,218,2358,2341,2379,818,499,00,77,00000000,00,00
11560,8324,171,133,227,2360,2340,2378,826,499,00,90,00000000,00,00
11560,8325,173,136,227,2358,2340,2379,827,500,00,86,00000000,00,00
11560,8326,177,139,219,2355,2339,2378,820,499,00,76,00000000,00,00
11560,8327,175,124,237,2359,2338,2374,832,499,00,104,00000000,00,00
11560,8328,173,133,226,2358,2338,2377,826,500,00,90,00000000,00,00
11560,8329,179,116,240,2361,2339,2374,828,500,00,113,00000000,00,00
11560,8330,180,114,241,2361,2339,2373,826,499,00,115,00000000,00,00
11560,8331,176,122,238,2361,2339,2376,829,500,00,106,00000000,00,00
11560,8332,175,127,234,2360,2339,2378,829,500,00,101,00000000,00,00
11560,8333,176,130,229,2359,2338,2378,825,499,00,94,00000000,00,00
11560,8334,172,108,213,2365,2340,2375,750,499,00,91,00000000,00,00
11560,8335,52,53,46,2363,2339,2382,255,499,959,07,00000000,00,00
11560,8336,41,44,38,2366,2339,2381,220,500,00,08,00000000,00,00
11560,8337,18,24,20,2367,2341,2381,146,500,00,10,00000000,00,00
11560,8338,18,25,20,2368,2341,2379,147,499,00,10,00000000,00,00
11560,8339,18,24,21,2371,2341,2375,148,499,00,09,00000000,00,00
11560,8340,18,25,21,2372,2341,2376,153,500,00,10,00000000,00,00
11560,8341,19,26,21,2372,2342,2376,153,499,00,10,00000000,00,00
11560,8342,18,25,20,2373,2343,2378,149,499,00,10,00000000,00,00
11560,8343,18,24,21,2375,2345,2377,148,499,00,09,00000000,00,00
11560,8344,18,24,21,2373,2344,2375,150,499,00,10,00000000,00,00
11560,8345,16,23,21,2372,2343,2375,142,500,00,09,00000000,00,00
11560,8346,16,25,22,2372,2345,2375,149,499,00,11,00000000,00,00
11560,8347,16,25,22,2373,2345,2377,149,499,00,08,00000000,00,00
11560,8348,17,26,22,2373,2343,2377,153,499,00,08,00000000,00,00
11560,8349,18,25,22,2373,2344,2377,153,499,00,09,00000000,00,00
11560,8350,17,26,23,2373,2344,2376,156,500,00,09,00000000,00,00
11560,8351,17,25,22,2374,2344,2378,152,499,00,09,00000000,00,00
11560,8352,140,141,158,2368,2342,2374,773,499,197,26,00000000,00,00
11560,8353,185,114,251,2364,2343,2373,859,499,00,119,00000000,00,00
11560,8354,180,112,244,2364,2342,2376,834,499,00,115,00000000,00,00
11560,8355,355,289,432,2358,2340,2376,1808,500,1556,118,00000000,00,00
11560,8356,394,349,472,2357,2338,2375,2063,499,2510,105,00000000,00,00
11560,8357,396,347,469,2357,2338,2375,2056,499,2541,104,00000000,00,00
11560,8358,397,351,472,2356,2339,2375,2074,499,2515,103,00000000,00,00
11560,8359,410,331,480,2357,2339,2375,2078,499,2480,118,00000000,00,00
11560,8360,220,145,284,2363,2343,2375,1031,500,00,122,00000000,00,00
11560,8361,175,128,232,2363,2343,2379,832,499,00,96,00000000,00,00
11560,8362,171,127,234,2363,2342,2377,830,499,00,99,00000000,00,00
11560,8363,173,130,229,2363,2343,2379,832,500,00,93,00000000,00,00
11560,8364,173,125,235,2365,2343,2379,831,500,00,101,00000000,00,00
11560,8365,174,128,231,2364,2342,2380,833,499,00,95,00000000,00,00
11560,8366,179,116,242,2367,2344,2380,836,500,00,113,00000000,00,00
11560,8367,182,111,245,2366,2344,2379,836,500,00,117,00000000,00,00
11560,8368,179,126,230,2364,2343,2381,831,499,00,96,00000000,00,00
11560,8369,181,125,227,2364,2343,2383,828,499,00,93,00000000,00,00
11560,8370,184,109,244,2367,2343,2378,836,500,00,119,00000000,00,00
11560,8371,180,125,228,2365,2343,2382,830,499,00,95,00000000,00,00
11560,8372,178,124,231,2365,2343,2381,833,499,00,97,00000000,00,00
11560,8373,178,127,227,2364,2343,2382,827,500,00,93,00000000,00,00
11560,8374,176,122,233,2365,2342,2380,831,500,00,102,00000000,00,00
11560,8375,179,134,214,2361,2343,2383,818,499,00,73,00000000,00,00
11560,8376,178,136,211,2361,2343,2381,816,500,00,71,00000000,00,00
11560,8377,174,133,223,2362,2341,2380,826,500,00,86,00000000,00,00
11560,8378,169,139,219,2361,2340,2381,824,500,00,76,00000000,00,00
11560,8379,178,132,220,2360,2340,2380,822,500,00,83,00000000,00,00
11560,8380,180,133,216,2359,2340,2380,819,499,00,77,00000000,00,00
11560,8381,176,134,217,2358,2339,2378,821,500,00,79,00000000,00,00
11560,8382,173,128,230,2361,2339,2377,829,500,00,95,00000000,00,00
11560,8383,174,137,215,2359,2341,2379,818,499,00,74,00000000,00,00
11560,8384,175,138,212,2360,2342,2380,818,499,00,70,00000000,00,00
11560,8385,52,53,46,2362,2340,2384,256,500,1006,07,00000000,00,00
11560,8386,51,53,45,2360,2342,2385,252,500,1062,08,00000000,00,00
11560,8387,135,137,182,2359,2342,2380,710,500,00,53,00000000,00,00
11560,8388,172,137,223,2358,2340,2377,830,500,00,83,00000000,00,00
11560,8389,239,208,305,2356,2339,2376,1217,500,732,92,00000000,00,00
11560,8390,414,395,468,2351,2337,2375,2188,499,2317,74,00000000,00,00
11560,8391,400,378,436,2351,2338,2375,2056,500,2435,65,00000000,00,00
11560,8392,409,381,440,2351,2338,2375,2072,500,2519,66,00000000,00,00
11560,8393,398,370,465,2352,2336,2374,2081,500,2498,88,00000000,00,00
11560,8394,320,289,380,2356,2339,2377,1648,500,00,85,00000000,00,00
11560,8395,181,140,213,2360,2343,2381,829,499,00,68,00000000,00,00
11560,8396,177,138,217,2360,2342,2380,823,500,00,76,00000000,00,00
11560,8397,174,139,215,2360,2341,2380,822,500,00,74,00000000,00,00
11560,8398,178,137,215,2362,2344,2382,823,499,00,73,00000000,00,00
11560,8399,178,140,213,2361,2344,2382,817,499,00,71,00000000,00,00
11560,8400,177,130,226,2362,2343,2382,829,500,00,90,00000000,00,00
11560,8401,176,127,233,2363,2343,2381,831,500,00,98,00000000,00,00
11560,8402,175,123,239,2365,2344,2380,833,500,00,106,00000000,00,00
11560,8403,176,127,231,2363,2344,2381,831,499,00,96,00000000,00,00
11560,8404,174,136,219,2362,2345,2383,825,499,00,81,00000000,00,00
11560,8405,176,137,217,2359,2342,2380,822,500,00,77,00000000,00,00
11560,8406,173,134,222,2361,2343,2380,826,500,00,84,00000000,00,00
11560,8407,175,137,216,2361,2342,2381,823,500,00,75,00000000,00,00
11560,8408,173,124,230,2363,2342,2376,827,499,00,98,00000000,00,00
11560,8409,180,117,238,2365,2342,2376,829,499,00,109,00000000,00,00
11560,8410,181,134,218,2360,2342,2380,820,500,00,78,00000000,00,00
11560,8411,173,136,221,2359,2342,2378,821,499,00,82,00000000,00,00
11560,8412,174,120,236,2362,2342,2375,829,499,00,106,00000000,00,00
11560,8413,174,124,235,2362,2341,2376,829,500,00,102,00000000,00,00
11560,8414,174,129,229,2362,2341,2379,829,500,00,94,00000000,00,00
11560,8415,173,133,225,2361,2342,2380,825,500,00,88,00000000,00,00
11560,8416,174,133,229,2361,2341,2380,827,499,00,91,00000000,00,00
11560,8417,175,137,221,2359,2341,2380,823,499,00,81,00000000,00,00
11560,8418,175,135,221,2361,2343,2381,823,500,00,83,00000000,00,00
11560,8419,115,91,129,2365,2343,2382,524,500,478,42,00000000,00,00
11560,8420,52,53,45,2361,2346,2386,254,500,1174,07,00000000,00,00
11560,8421,28,32,27,2363,2347,2386,171,499,00,10,00000000,00,00
11560,8422,18,24,20,2363,2346,2386,146,499,00,11,00000000,00,00
11560,8423,18,24,20,2354,2337,2377,147,500,00,10,00000000,00,00
11560,8424,20,25,21,2361,2344,2385,155,500,00,11,00000000,00,00
11560,8425,19,24,20,2358,2337,2379,149,500,00,10,00000000,00,00
11560,8426,19,24,20,2361,2336,2373,148,500,00,10,00000000,00,00
11560,8427,128,144,158,2356,2332,2368,772,500,534,28,00000000,00,00
11560,8428,186,128,246,2355,2334,2364,874,499,00,107,00000000,00,00
11560,8429,176,120,240,2355,2333,2367,831,499,00,109,00000000,00,00
11560,8430,351,307,435,2348,2331,2364,1833,499,2066,107,00000000,00,00
11560,8431,395,340,471,2345,2328,2363,2041,500,2558,108,00000000,00,00
11560,8432,403,334,479,2346,2327,2363,2061,500,2502,116,00000000,00,00
11560,8433,413,331,481,2346,2326,2362,2077,499,2496,117,00000000,00,00
11560,8434,321,257,391,2347,2326,2360,1609,499,00,114,00000000,00,00
11560,8435,186,110,247,2355,2332,2362,840,500,00,119,00000000,00,00
11560,8436,199,99,242,2357,2336,2367,829,499,938,123,00000000,00,00
11560,8437,192,101,247,2358,2336,2367,834,499,00,126,00000000,00,00
11560,8438,186,109,250,2358,2336,2367,836,500,246,125,00000000,00,00
11560,8439,197,101,242,2354,2335,2364,830,500,246,123,00000000,00,00
11560,8440,186,106,245,2352,2332,2360,827,499,225,121,00000000,00,00
11560,8441,196,101,245,2350,2331,2361,831,499,224,126,00000000,00,00
11560,8442,198,102,241,2348,2330,2359,828,499,189,121,00000000,00,00
11560,8443,198,103,239,2349,2331,2361,828,500,216,118,00000000,00,00
11560,8444,192,103,242,2352,2333,2362,830,500,999,120,00000000,00,00
11560,8445,205,98,238,2351,2332,2363,828,499,197,121,00000000,00,00
11560,8446,213,98,228,2349,2333,2365,821,499,887,115,00000000,00,00
11560,8447,205,99,234,2349,2332,2364,822,499,199,118,00000000,00,00
11560,8448,218,98,226,2345,2333,2366,820,499,198,114,00000000,00,00
11560,8449,224,97,214,2343,2333,2367,813,499,187,105,00000000,00,00
11560,8450,216,98,224,2344,2332,2365,820,500,196,113,00000000,00,00
11560,8451,208,98,230,2344,2332,2363,819,499,210,117,00000000,00,00
11560,8452,217,96,228,2343,2331,2362,822,499,00,118,00000000,00,00
11560,8453,203,99,234,2347,2330,2360,823,499,00,117,00000000,00,00
11560,8454,204,99,234,2349,2330,2360,824,499,557,117,00000000,00,00
11560,8455,187,102,245,2350,2330,2358,828,499,00,123,00000000,00,00
11560,8456,187,106,245,2347,2326,2357,828,500,00,120,00000000,00,00
11560,8457,184,111,243,2347,2325,2357,828,500,00,117,00000000,00,00
11560,8458,189,104,243,2348,2328,2358,828,499,00,122,00000000,00,00
11560,8459,115,72,138,2353,2328,2360,501,499,575,59,00000000,00,00
11560,8460,51,54,47,2353,2325,2359,252,500,1307,06,00000000,00,00
11560,8461,51,54,48,2354,2325,2364,255,499,1348,07,00000000,00,00
11560,8462,51,55,46,2355,2325,2361,254,499,1492,06,00000000,00,00
11560,8463,50,53,47,2353,2327,2357,251,500,1314,06,00000000,00,00
11560,8464,51,53,48,2354,2327,2358,254,500,1310,06,00000000,00,00
11560,8465,51,54,47,2354,2327,2358,252,499,1259,06,00000000,00,00
11560,8466,51,53,47,2354,2326,2358,253,499,1289,06,00000000,00,00
11560,8467,51,53,48,2351,2328,2355,253,499,1381,06,00000000,00,00
11560,8468,51,53,48,2346,2333,2353,251,500,1274,07,00000000,00,00
11560,8469,50,51,48,2343,2340,2352,245,500,1374,07,00000000,00,00
11560,8470,49,51,48,2342,2340,2350,238,499,1445,06,00000000,00,00
11560,8471,49,51,48,2343,2339,2352,240,499,1612,06,00000000,00,00
11560,8472,49,51,49,2344,2336,2353,241,499,1435,07,00000000,00,00
11560,8473,49,51,49,2345,2339,2352,242,500,1642,07,00000000,00,00
11560,8474,87,73,100,2344,2336,2354,403,500,00,26,00000000,00,00
11560,8475,233,105,226,2342,2332,2365,877,499,513,107,00000000,00,00
11560,8476,221,96,222,2341,2331,2362,825,499,480,110,00000000,00,00
11560,8477,418,269,446,2330,2316,2354,1912,499,00,137,00000000,00,00
11560,8478,458,279,446,2330,2320,2354,2018,499,1936,132,00000000,00,00
11560,8479,467,279,444,2326,2317,2350,2032,499,2360,132,00000000,00,00
11560,8480,476,288,435,2326,2319,2349,2049,499,2379,126,00000000,00,00
11560,8481,390,218,346,2328,2322,2352,1596,500,00,119,00000000,00,00
11560,8482,233,90,201,2334,2323,2359,821,500,173,105,00000000,00,00
11560,8483,221,98,211,2335,2325,2358,814,499,835,103,00000000,00,00
11560,8484,227,97,208,2333,2329,2360,813,499,163,101,00000000,00,00
11560,8485,221,98,211,2335,2329,2360,813,499,826,102,00000000,00,00
11560,8486,221,97,210,2337,2329,2359,814,499,175,101,00000000,00,00
11560,8487,217,98,214,2338,2327,2358,816,499,169,103,00000000,00,00
11560,8488,223,100,203,2336,2328,2358,814,499,169,96,00000000,00,00
11560,8489,221,95,216,2338,2328,2357,819,499,188,108,00000000,00,00
11560,8490,230,100,190,2333,2331,2357,812,500,158,89,00000000,00,00
11560,8491,223,97,206,2334,2328,2357,816,499,173,100,00000000,00,00
11560,8492,222,95,211,2334,2325,2356,817,499,181,103,00000000,00,00
11560,8493,225,96,206,2333,2326,2356,815,499,168,101,00000000,00,00
11560,8494,228,98,197,2330,2327,2356,809,499,179,94,00000000,00,00
11560,8495,222,97,212,2333,2326,2356,820,499,120,103,00000000,00,00
11560,8496,436,247,407,2329,2319,2351,1845,499,2024,130,00000000,00,00
11560,8497,468,278,432,2332,2325,2356,2017,499,2359,130,00000000,00,00
11560,8498,472,293,425,2331,2327,2354,2035,499,2430,120,00000000,00,00
11560,8499,472,291,432,2331,2327,2356,2049,499,2402,122,00000000,00,00
11560,8500,470,289,420,2331,2327,2354,2015,500,00,121,00000000,00,00
11560,8501,250,117,226,2337,2333,2364,932,499,168,102,00000000,00,00
11560,8502,228,99,198,2336,2334,2363,808,499,166,93,00000000,00,00
11560,8503,222,99,204,2336,2333,2364,810,499,177,96,00000000,00,00
11560,8504,228,106,182,2336,2339,2362,801,499,204,79,00000000,00,00
11560,8505,225,105,190,2335,2339,2363,803,499,890,85,00000000,00,00
11560,8506,225,100,201,2337,2336,2365,809,499,178,95,00000000,00,00
11560,8507,228,104,184,2336,2339,2363,802,499,194,82,00000000,00,00
11560,8508,229,104,182,2336,2338,2362,804,499,217,81,00000000,00,00
11560,8509,227,108,182,2327,2330,2354,801,499,212,79,00000000,00,00
11560,8510,231,102,185,2333,2334,2358,805,499,200,84,00000000,00,00
11560,8511,272,149,219,2327,2329,2351,1020,499,911,87,00000000,00,00
11560,8512,473,327,407,2323,2322,2344,2053,499,2406,100,00000000,00,00
11560,8513,470,298,416,2323,2319,2346,2016,499,2472,117,00000000,00,00
11560,8514,474,287,425,2325,2319,2348,2021,499,2411,124,00000000,00,00
11560,8515,474,282,433,2325,2318,2348,2030,499,2375,129,00000000,00,00
11560,8516,476,292,429,2325,2319,2349,2042,499,2399,123,00000000,00,00
11560,8517,467,285,452,2327,2317,2351,2050,499,2419,133,00000000,00,00
11560,8518,397,224,376,2328,2320,2354,1672,499,194,130,00000000,00,00
11560,8519,225,100,212,2333,2326,2356,836,499,181,101,00000000,00,00
11560,8520,209,95,227,2336,2324,2353,825,499,155,115,00000000,00,00
11560,8521,209,98,222,2336,2322,2352,824,499,158,107,00000000,00,00
11560,8522,214,99,217,2335,2323,2353,822,499,189,104,00000000,00,00
11560,8523,226,99,204,2330,2326,2354,820,499,172,97,00000000,00,00
11560,8524,223,104,193,2330,2322,2351,814,499,166,88,00000000,00,00
11560,8525,300,160,302,2332,2316,2349,1241,499,656,121,00000000,00,00
11560,8526,474,284,440,2324,2314,2345,2039,500,2270,130,00000000,00,00
11560,8527,468,277,434,2327,2314,2347,2011,500,2357,128,00000000,00,00
11560,8528,472,282,430,2326,2316,2347,2023,499,2369,127,00000000,00,00
11560,8529,471,281,437,2326,2316,2348,2030,499,2345,129,00000000,00,00
11560,8530,468,282,447,2327,2315,2350,2040,499,2352,132,00000000,00,00
11560,8531,462,284,456,2330,2315,2351,2054,499,2359,131,00000000,00,00
11560,8532,289,153,297,2338,2321,2354,1199,499,191,124,00000000,00,00
11560,8533,203,96,231,2339,2323,2351,823,499,176,115,00000000,00,00
11560,8534,213,98,219,2335,2322,2353,819,499,171,106,00000000,00,00
11560,8535,217,96,214,2334,2323,2353,818,499,168,104,00000000,00,00
11560,8536,216,95,222,2334,2323,2353,819,499,2301,110,00000000,00,00
11560,8537,206,95,231,2337,2324,2352,822,499,174,117,00000000,00,00
11560,8538,224,97,223,2333,2324,2355,845,499,122,111,00000000,00,00
11560,8539,457,287,465,2329,2314,2351,2054,499,1973,134,00000000,00,00
11560,8540,448,280,453,2329,2313,2350,2003,499,2376,133,00000000,00,00
11560,8541,459,275,448,2326,2314,2349,2014,500,2314,135,00000000,00,00
11560,8542,463,276,450,2326,2314,2348,2025,500,2273,137,00000000,00,00
11560,8543,439,298,468,2331,2314,2351,2047,499,2394,128,00000000,00,00
11560,8544,438,301,473,2332,2315,2351,2056,499,2422,129,00000000,00,00
11560,8545,380,226,393,2332,2315,2350,1673,499,00,131,00000000,00,00
11560,8546,218,95,225,2334,2322,2352,835,499,499,114,00000000,00,00
11560,8547,225,95,211,2332,2322,2353,817,499,1272,104,00000000,00,00
11560,8548,220,83,229,2336,2321,2352,823,499,453,126,00000000,00,00
11560,8549,217,94,220,2335,2323,2354,821,499,162,111,00000000,00,00
11560,8550,214,95,223,2337,2321,2352,821,499,171,111,00000000,00,00
11560,8551,203,95,238,2340,2321,2351,825,499,175,121,00000000,00,00
11560,8552,203,95,240,2340,2320,2351,826,499,172,123,00000000,00,00
11560,8553,325,182,353,2333,2315,2352,1410,500,1476,135,00000000,00,00
11560,8554,437,287,465,2330,2312,2352,2012,500,2391,136,00000000,00,00
11560,8555,423,307,477,2332,2312,2351,2036,499,2500,130,00000000,00,00
11560,8556,439,294,472,2329,2312,2351,2039,499,2437,134,00000000,00,00
11560,8557,431,300,485,2328,2313,2352,2055,499,2375,138,00000000,00,00
11560,8558,366,240,408,2332,2314,2350,1691,499,00,132,00000000,00,00
11560,8559,197,103,241,2339,2319,2349,840,499,198,116,00000000,00,00
11560,8560,202,97,237,2337,2319,2348,825,500,170,118,00000000,00,00
11560,8561,495,350,533,2328,2311,2350,2373,499,1929,129,00000000,00,00
11560,8562,614,463,645,2327,2307,2346,3018,499,2206,118,00000000,00,00
11560,8563,635,495,671,2326,2307,2345,3197,499,2198,108,00000000,00,00
11560,8564,633,478,648,2325,2309,2344,3115,499,2178,105,00000000,00,00
11560,8565,567,484,630,2335,2318,2355,2951,499,2239,104,00000000,00,00
11560,8566,538,437,600,2339,2321,2359,2757,499,2231,114,00000000,00,00
11560,8567,515,389,566,2340,2323,2359,2553,499,2269,123,00000000,00,00
11560,8568,499,375,548,2344,2326,2364,2463,499,2252,123,00000000,00,00
11560,8569,497,384,560,2341,2323,2361,2493,499,2182,126,00000000,00,00
11560,8570,504,423,579,2332,2315,2353,2606,500,2233,113,00000000,00,00
11560,8571,511,456,593,2330,2312,2351,2706,499,2212,102,00000000,00,00
11560,8572,524,486,607,2328,2313,2351,2819,499,2216,94,00000000,00,00
11560,8573,522,498,606,2328,2313,2350,2836,499,2252,88,00000000,00,00
11560,8574,520,495,605,2330,2315,2351,2822,499,2255,88,00000000,00,00
11560,8575,516,495,596,2328,2314,2351,2799,500,2316,85,00000000,00,00
11560,8576,502,481,583,2329,2314,2351,2717,499,2313,86,00000000,00,00
11560,8577,489,469,576,2334,2320,2357,2656,499,2298,91,00000000,00,00
11560,8578,489,474,558,2333,2320,2359,2634,499,2317,80,00000000,00,00
11560,8579,493,474,564,2334,2319,2359,2652,499,2291,85,00000000,00,00
11560,8580,501,486,572,2333,2319,2358,2706,500,2266,81,00000000,00,00
11560,8581,514,500,580,2332,2318,2357,2775,499,2266,78,00000000,00,00
11560,8582,511,497,577,2332,2318,2357,2756,499,2231,80,00000000,00,00
11560,8583,509,491,580,2333,2318,2359,2740,500,2316,82,00000000,00,00
11560,8584,509,485,553,2332,2319,2358,2686,500,2293,73,00000000,00,00
11560,8585,498,480,545,2333,2320,2358,2641,499,2365,72,00000000,00,00
11560,8586,413,389,447,2336,2322,2360,2107,500,2471,63,00000000,00,00
11560,8587,424,372,432,2335,2322,2358,2062,500,2639,62,00000000,00,00
11560,8588,427,374,435,2337,2324,2358,2081,499,2671,61,00000000,00,00
11560,8589,341,289,359,2339,2325,2362,1628,499,00,65,00000000,00,00
11560,8590,176,140,226,2346,2326,2368,831,500,00,83,00000000,00,00
11560,8591,185,140,214,2344,2328,2368,813,499,00,67,00000000,00,00
11560,8592,191,136,213,2344,2329,2367,808,499,00,69,00000000,00,00
11560,8593,187,121,235,2347,2326,2363,823,500,00,102,00000000,00,00
11560,8594,176,119,245,2348,2325,2360,833,500,00,114,00000000,00,00
11560,8595,170,131,237,2347,2326,2363,829,499,00,101,00000000,00,00
11560,8596,171,137,229,2347,2326,2366,830,500,00,88,00000000,00,00
11560,8597,173,141,223,2347,2327,2369,824,500,00,81,00000000,00,00
11560,8598,172,139,227,2347,2327,2369,824,499,00,86,00000000,00,00
11560,8599,172,140,226,2347,2329,2370,825,499,00,83,00000000,00,00
11560,8600,169,142,223,2348,2329,2368,827,500,00,80,00000000,00,00
11560,8601,171,149,224,2348,2329,2369,839,499,597,78,00000000,00,00
11560,8602,373,361,445,2342,2328,2365,1978,499,2267,81,00000000,00,00
11560,8603,385,373,458,2340,2325,2363,2046,500,2479,84,00000000,00,00
11560,8604,387,374,459,2340,2325,2363,2058,500,2408,83,00000000,00,00
11560,8605,391,373,462,2338,2324,2363,2067,499,2386,86,00000000,00,00
11560,8606,391,370,470,2339,2323,2362,2074,500,2439,93,00000000,00,00
11560,8607,394,359,481,2340,2323,2359,2079,500,2520,106,00000000,00,00
11560,8608,396,375,469,2338,2323,2361,2092,499,2495,89,00000000,00,00
11560,8609,259,236,313,2342,2324,2363,1308,499,00,77,00000000,00,00
11560,8610,169,139,226,2346,2326,2363,831,499,00,84,00000000,00,00
11560,8611,174,134,231,2347,2326,2364,830,500,00,92,00000000,00,00
11560,8612,174,140,222,2344,2326,2365,827,500,00,80,00000000,00,00
11560,8613,173,142,221,2345,2325,2365,825,499,00,77,00000000,00,00
11560,8614,166,140,237,2339,2318,2355,835,499,00,94,00000000,00,00
11560,8615,364,352,434,2336,2321,2359,1921,500,1936,81,00000000,00,00
11560,8616,389,362,464,2330,2315,2352,2042,499,2401,92,00000000,00,00
11560,8617,391,375,449,2331,2316,2353,2045,499,2423,75,00000000,00,00
11560,8618,396,381,444,2331,2317,2353,2056,500,2419,67,00000000,00,00
11560,8619,391,378,456,2332,2316,2352,2062,500,2405,77,00000000,00,00
11560,8620,395,374,462,2331,2315,2352,2070,499,2461,83,00000000,00,00
11560,8621,396,378,461,2330,2314,2352,2080,500,2378,81,00000000,00,00
11560,8622,400,380,459,2332,2316,2354,2085,500,2343,77,00000000,00,00
11560,8623,368,345,417,2333,2316,2355,1886,499,00,74,00000000,00,00
11560,8624,182,150,222,2336,2319,2357,858,499,00,71,00000000,00,00
11560,8625,177,142,212,2336,2321,2357,811,500,00,66,00000000,00,00
11560,8626,172,144,212,2338,2322,2358,813,499,00,66,00000000,00,00
11560,8627,172,143,215,2340,2322,2360,819,499,00,70,00000000,00,00
11560,8628,175,144,214,2339,2322,2360,814,500,00,68,00000000,00,00
11560,8629,283,271,349,2337,2320,2357,1481,500,1156,78,00000000,00,00
11560,8630,395,381,461,2338,2323,2361,2088,499,2313,79,00000000,00,00
11560,8631,393,376,445,2341,2326,2364,2044,500,2409,72,00000000,00,00
11560,8632,397,378,442,2340,2326,2365,2055,500,2462,69,00000000,00,00
11560,8633,394,381,449,2340,2325,2363,2068,499,2417,72,00000000,00,00
11560,8634,396,385,451,2340,2325,2362,2080,499,2430,70,00000000,00,00
11560,8635,369,354,429,2341,2325,2362,1932,500,00,76,00000000,00,00
11560,8636,180,145,243,2349,2327,2363,892,499,00,93,00000000,00,00
11560,8637,167,142,224,2348,2329,2365,828,499,00,79,00000000,00,00
11560,8638,178,147,211,2344,2329,2366,818,500,00,61,00000000,00,00
11560,8639,172,145,218,2346,2328,2367,823,500,00,71,00000000,00,00
11560,8640,173,141,222,2348,2328,2367,826,499,00,79,00000000,00,00
11560,8641,170,136,229,2350,2327,2365,833,500,00,89,00000000,00,00
11560,8642,168,145,220,2348,2328,2367,828,500,00,74,00000000,00,00
11560,8643,171,144,221,2347,2328,2367,828,499,00,76,00000000,00,00
11560,8644,187,142,207,2344,2331,2366,816,499,00,58,00000000,00,00
11560,8645,183,143,207,2345,2330,2366,815,500,00,59,00000000,00,00
11560,8646,175,148,211,2338,2322,2359,819,499,00,61,00000000,00,00
11560,8647,177,160,216,2342,2326,2363,853,499,00,59,00000000,00,00
11560,8648,397,373,425,2332,2320,2353,2008,500,507,57,00000000,00,00
11560,8649,398,382,436,2331,2317,2353,2046,500,2351,62,00000000,00,00
11560,8650,389,384,452,2331,2316,2353,2064,499,2439,72,00000000,00,00
11560,8651,413,382,436,2331,2318,2353,2077,500,2463,59,00000000,00,00
11560,8652,414,376,435,2331,2319,2354,2057,500,00,59,00000000,00,00
11560,8653,216,165,239,2335,2322,2358,953,500,00,66,00000000,00,00
11560,8654,189,139,210,2336,2324,2360,813,500,00,63,00000000,00,00
11560,8655,192,139,208,2337,2326,2360,813,499,00,57,00000000,00,00
11560,8656,194,138,210,2334,2324,2359,813,500,00,63,00000000,00,00
11560,8657,194,136,209,2334,2324,2357,811,500,00,63,00000000,00,00
11560,8658,195,135,208,2334,2323,2357,814,500,00,62,00000000,00,00
11560,8659,195,136,203,2334,2322,2357,816,500,00,57,00000000,00,00
11560,8660,194,136,209,2335,2323,2357,814,499,00,63,00000000,00,00
11560,8661,185,143,208,2336,2323,2357,817,500,00,59,00000000,00,00
11560,8662,377,357,409,2330,2318,2354,1910,500,1992,61,00000000,00,00
11560,8663,413,376,425,2332,2320,2353,2041,500,2577,53,00000000,00,00
11560,8664,423,370,430,2331,2320,2353,2055,500,2683,59,00000000,00,00
11560,8665,424,373,433,2331,2319,2352,2070,500,2684,61,00000000,00,00
11560,8666,411,382,442,2333,2318,2355,2082,499,2542,66,00000000,00,00
11560,8667,304,270,329,2334,2320,2357,1477,499,00,57,00000000,00,00
11560,8668,192,137,205,2336,2324,2358,810,500,00,58,00000000,00,00
11560,8669,187,138,205,2336,2324,2357,804,500,00,58,00000000,00,00
11560,8670,184,143,203,2336,2322,2356,804,500,00,52,00000000,00,00
11560,8671,184,140,204,2337,2323,2357,804,500,00,55,00000000,00,00
11560,8672,179,143,206,2338,2324,2358,804,500,00,59,00000000,00,00
11560,8673,189,139,205,2337,2326,2358,807,499,00,57,00000000,00,00
11560,8674,193,134,204,2335,2325,2357,806,499,00,59,00000000,00,00
11560,8675,195,134,205,2337,2327,2358,810,500,00,61,00000000,00,00
11560,8676,192,134,203,2339,2327,2360,804,500,00,58,00000000,00,00
11560,8677,196,131,205,2339,2326,2360,806,500,248,63,00000000,00,00
11560,8678,294,231,299,2337,2324,2357,1319,499,1302,63,00000000,00,00
11560,8679,421,369,428,2335,2323,2354,2035,499,1803,59,00000000,00,00
11560,8680,427,359,434,2335,2323,2355,2047,500,2779,69,00000000,00,00
11560,8681,427,358,441,2334,2321,2357,2061,500,2835,74,00000000,00,00
11560,8682,428,365,439,2334,2323,2357,2075,500,2817,68,00000000,00,00
11560,8683,377,319,396,2337,2324,2358,1814,500,00,71,00000000,00,00
11560,8684,198,141,218,2341,2327,2361,852,500,00,68,00000000,00,00
11560,8685,193,135,209,2339,2327,2360,817,500,00,64,00000000,00,00
11560,8686,192,136,214,2339,2328,2360,821,499,00,70,00000000,00,00
11560,8687,189,138,213,2338,2327,2358,820,499,00,67,00000000,00,00
11560,8688,190,137,214,2337,2326,2359,816,500,00,68,00000000,00,00
11560,8689,195,132,213,2338,2326,2360,818,500,00,72,00000000,00,00
11560,8690,192,131,217,2340,2325,2360,818,500,00,75,00000000,00,00
11560,8691,189,135,220,2340,2326,2360,822,500,00,74,00000000,00,00
11560,8692,341,280,362,2334,2322,2356,1613,500,00,71,00000000,00,00
11560,8693,415,356,440,2332,2319,2354,2029,500,2307,74,00000000,00,00
11560,8694,415,362,444,2332,2319,2354,2047,500,2773,72,00000000,00,00
11560,8695,423,365,443,2331,2319,2353,2059,500,589,69,00000000,00,00
11560,8696,426,367,450,2331,2318,2354,2073,500,2734,74,00000000,00,00
11560,8697,366,310,392,2333,2320,2355,1764,500,00,74,00000000,00,00
11560,8698,200,135,217,2342,2328,2363,835,499,225,70,00000000,00,00
11560,8699,190,133,215,2345,2331,2366,814,499,00,72,00000000,00,00
11560,8700,192,134,213,2344,2332,2366,813,500,00,70,00000000,00,00
11560,8701,193,135,207,2342,2331,2365,808,500,00,63,00000000,00,00
11560,8702,192,135,208,2343,2331,2364,808,500,00,66,00000000,00,00
11560,8703,190,134,212,2344,2329,2364,809,500,00,70,00000000,00,00
11560,8704,189,132,214,2343,2329,2363,812,500,249,72,00000000,00,00
11560,8705,193,133,209,2343,2330,2363,812,500,00,66,00000000,00,00
11560,8706,194,132,209,2342,2330,2362,809,499,00,67,00000000,00,00
11560,8707,187,135,213,2343,2329,2362,812,499,00,70,00000000,00,00
11560,8708,188,137,209,2342,2330,2362,809,500,00,63,00000000,00,00
11560,8709,188,136,209,2343,2331,2363,813,500,00,64,00000000,00,00
11560,8710,372,316,382,2337,2326,2358,1766,500,249,61,00000000,00,00
11560,8711,413,363,441,2339,2326,2359,2040,500,2594,69,00000000,00,00
11560,8712,417,364,443,2338,2326,2360,2055,500,2807,70,00000000,00,00
11560,8713,426,360,446,2337,2325,2361,2074,500,2839,76,00000000,00,00
11560,8714,337,281,363,2339,2326,2361,1615,500,00,74,00000000,00,00
11560,8715,187,136,220,2343,2328,2362,829,499,00,71,00000000,00,00
11560,8716,184,133,217,2342,2327,2361,813,500,00,70,00000000,00,00
11560,8717,183,136,218,2342,2327,2361,814,500,00,71,00000000,00,00
11560,8718,183,135,218,2343,2328,2362,817,500,00,70,00000000,00,00
11560,8719,186,135,220,2341,2329,2361,814,500,00,73,00000000,00,00
11560,8720,190,133,216,2342,2329,2363,812,500,00,72,00000000,00,00
11560,8721,179,138,217,2343,2328,2362,816,500,00,68,00000000,00,00
11560,8722,183,138,211,2342,2327,2362,812,500,00,62,00000000,00,00
11560,8723,184,134,217,2342,2327,2360,813,500,00,71,00000000,00,00
11560,8724,181,137,217,2342,2328,2360,815,500,248,69,00000000,00,00
11560,8725,177,142,214,2341,2327,2361,816,500,00,62,00000000,00,00
11560,8726,183,137,219,2342,2327,2361,814,500,00,72,00000000,00,00
11560,8727,177,142,216,2343,2328,2362,815,500,00,64,00000000,00,00
11560,8728,182,135,217,2345,2328,2362,815,500,00,70,00000000,00,00
11560,8729,183,137,217,2344,2328,2363,815,500,00,69,00000000,00,00
11560,8730,182,135,215,2345,2328,2362,814,499,00,67,00000000,00,00
11560,8731,182,136,216,2343,2327,2361,816,500,00,68,00000000,00,00
11560,8732,182,137,216,2342,2328,2360,814,500,00,69,00000000,00,00
11560,8733,183,139,218,2343,2329,2361,817,500,00,70,00000000,00,00
11560,8734,179,139,216,2344,2329,2362,816,500,00,67,00000000,00,00
11560,8735,183,136,215,2343,2328,2362,812,500,00,67,00000000,00,00
11560,8736,181,138,217,2344,2330,2362,815,500,00,70,00000000,00,00
11560,8737,182,137,216,2344,2329,2362,816,500,00,68,00000000,00,00
11560,8738,188,131,218,2343,2328,2362,817,499,00,75,00000000,00,00
11560,8739,116,96,128,2346,2328,2363,528,499,488,33,00000000,00,00
11560,8740,52,54,47,2347,2329,2365,253,500,1539,07,00000000,00,00
11560,8741,28,34,29,2349,2331,2366,176,500,00,09,00000000,00,00
11560,8742,20,27,22,2349,2333,2367,160,500,00,11,00000000,00,00
11560,8743,94,104,103,2346,2333,2364,533,500,208,13,00000000,00,00
11560,8744,179,144,213,2344,2331,2364,817,500,00,62,00000000,00,00
11560,8745,176,144,220,2339,2324,2355,820,499,00,68,00000000,00,00
11560,8746,361,316,400,2338,2324,2357,1793,500,1569,71,00000000,00,00
11560,8747,449,400,473,2332,2318,2352,2239,500,00,67,00000000,00,00
11560,8748,419,360,438,2332,2318,2352,2039,500,2350,70,00000000,00,00
11560,8749,416,367,444,2333,2318,2351,2061,500,2691,68,00000000,00,00
11560,8750,414,374,447,2333,2318,2350,2078,500,2665,64,00000000,00,00
11560,8751,416,378,448,2333,2319,2351,2088,499,2640,63,00000000,00,00
11560,8752,232,185,253,2337,2322,2353,1053,499,00,61,00000000,00,00
11560,8753,190,137,208,2337,2323,2354,817,500,00,63,00000000,00,00
11560,8754,192,137,204,2336,2324,2354,817,500,00,59,00000000,00,00
11560,8755,188,137,208,2338,2323,2354,820,500,00,62,00000000,00,00
11560,8756,186,136,211,2339,2324,2354,816,499,587,65,00000000,00,00
11560,8757,193,131,212,2337,2322,2354,818,499,00,71,00000000,00,00
11560,8758,195,130,212,2336,2321,2355,815,500,246,71,00000000,00,00
11560,8759,195,134,205,2335,2322,2354,813,500,00,61,00000000,00,00
11560,8760,196,134,203,2335,2321,2354,812,499,00,61,00000000,00,00
11560,8761,195,133,206,2336,2321,2354,816,500,247,64,00000000,00,00
11560,8762,192,135,206,2335,2323,2354,813,500,00,62,00000000,00,00
11560,8763,312,255,330,2333,2320,2353,1456,499,2281,66,00000000,00,00
11560,8764,423,360,429,2336,2324,2356,2035,499,2758,64,00000000,00,00
11560,8765,424,364,431,2337,2326,2359,2049,500,2755,65,00000000,00,00
11560,8766,428,363,438,2338,2325,2360,2065,499,2808,68,00000000,00,00
11560,8767,430,370,435,2337,2325,2358,2079,499,2733,62,00000000,00,00
11560,8768,261,202,273,2343,2330,2364,1167,500,00,63,00000000,00,00
11560,8769,194,136,204,2345,2332,2365,809,500,00,60,00000000,00,00
11560,8770,199,129,209,2344,2332,2367,812,499,231,70,00000000,00,00
11560,8771,195,132,206,2343,2331,2364,809,500,00,64,00000000,00,00
11560,8772,194,135,206,2343,2331,2364,811,500,00,61,00000000,00,00
11560,8773,193,135,205,2342,2330,2364,813,499,00,62,00000000,00,00
11560,8774,198,131,205,2342,2331,2364,811,499,00,62,00000000,00,00
11560,8775,193,136,205,2344,2333,2365,813,499,00,60,00000000,00,00
11560,8776,193,135,206,2345,2333,2366,813,500,234,62,00000000,00,00
11560,8777,193,135,205,2344,2333,2366,812,500,00,62,00000000,00,00
11560,8778,201,138,212,2343,2332,2366,836,499,209,66,00000000,00,00
11560,8779,405,339,415,2337,2326,2360,1934,499,2503,68,00000000,00,00
11560,8780,424,358,430,2339,2327,2360,2042,500,2796,67,00000000,00,00
11560,8781,425,360,434,2338,2326,2360,2051,499,2779,67,00000000,00,00
11560,8782,429,361,437,2340,2327,2362,2065,499,2855,69,00000000,00,00
11560,8783,433,363,438,2341,2328,2363,2077,499,2844,70,00000000,00,00
11560,8784,277,215,288,2344,2332,2366,1247,499,00,64,00000000,00,00
11560,8785,196,130,210,2347,2334,2367,815,500,1017,71,00000000,00,00
11560,8786,188,133,211,2348,2333,2366,816,499,247,66,00000000,00,00
11560,8787,195,134,204,2343,2333,2365,807,499,00,61,00000000,00,00
11560,8788,192,133,208,2344,2331,2364,813,500,247,66,00000000,00,00
11560,8789,192,130,207,2345,2331,2364,809,500,249,67,00000000,00,00
11560,8790,192,131,208,2344,2331,2364,809,499,240,68,00000000,00,00
11560,8791,187,132,216,2346,2331,2364,811,500,249,73,00000000,00,00
11560,8792,191,132,208,2345,2332,2364,811,500,00,66,00000000,00,00
11560,8793,195,133,204,2344,2332,2364,810,499,00,62,00000000,00,00
11560,8794,194,131,207,2343,2330,2365,810,499,00,66,00000000,00,00
11560,8795,185,136,213,2337,2322,2356,808,499,00,69,00000000,00,00
11560,8796,273,217,303,2338,2325,2360,1269,500,858,73,00000000,00,00
11560,8797,417,362,443,2331,2318,2353,2049,500,1384,72,00000000,00,00
11560,8798,409,368,444,2332,2318,2352,2051,499,2611,67,00000000,00,00
11560,8799,420,364,442,2332,2318,2352,2059,499,2705,70,00000000,00,00
11560,8800,422,369,443,2332,2319,2353,2075,500,2769,68,00000000,00,00
11560,8801,416,357,433,2330,2317,2351,2023,499,00,70,00000000,00,00
11560,8802,204,153,238,2337,2321,2354,919,499,00,73,00000000,00,00
11560,8803,181,136,215,2337,2323,2355,812,500,00,68,00000000,00,00
11560,8804,184,135,217,2336,2322,2355,814,500,00,72,00000000,00,00
11560,8805,191,133,208,2336,2322,2355,810,499,00,66,00000000,00,00
11560,8806,190,134,208,2337,2322,2355,813,500,00,65,00000000,00,00
11560,8807,187,135,209,2337,2323,2355,812,500,00,65,00000000,00,00
11560,8808,182,136,212,2338,2323,2354,812,499,00,64,00000000,00,00
11560,8809,184,134,214,2338,2324,2355,810,499,00,69,00000000,00,00
11560,8810,184,136,211,2337,2323,2355,809,500,00,65,00000000,00,00
11560,8811,185,148,217,2336,2322,2355,845,499,209,60,00000000,00,00
11560,8812,400,345,426,2329,2316,2350,1951,499,1416,72,00000000,00,00
11560,8813,411,365,441,2329,2317,2350,2041,500,2734,68,00000000,00,00
11560,8814,407,376,442,2331,2318,2349,2058,500,2649,59,00000000,00,00
11560,8815,409,382,441,2330,2317,2349,2073,499,2525,55,00000000,00,00
11560,8816,414,376,450,2330,2317,2351,2087,500,2526,66,00000000,00,00
11560,8817,270,214,295,2334,2319,2354,1243,500,00,72,00000000,00,00
11560,8818,185,136,217,2336,2320,2355,819,500,00,68,00000000,00,00
11560,8819,185,134,218,2337,2321,2355,817,500,00,72,00000000,00,00
11560,8820,187,134,216,2337,2322,2356,817,499,00,71,00000000,00,00
11560,8821,190,133,211,2338,2322,2356,818,500,00,68,00000000,00,00
11560,8822,180,140,211,2337,2322,2355,819,500,00,61,00000000,00,00
11560,8823,178,138,213,2338,2323,2356,817,499,00,63,00000000,00,00
11560,8824,180,136,216,2339,2324,2357,818,499,00,68,00000000,00,00
11560,8825,180,138,215,2337,2323,2355,817,500,00,66,00000000,00,00
11560,8826,186,136,214,2336,2322,2354,816,499,00,68,00000000,00,00
11560,8827,182,136,215,2337,2322,2354,816,499,00,67,00000000,00,00
11560,8828,351,309,387,2332,2319,2352,1731,500,2050,66,00000000,00,00
11560,8829,412,361,440,2336,2323,2358,2035,500,2717,70,00000000,00,00
11560,8830,408,370,444,2337,2325,2358,2053,499,2659,65,00000000,00,00
11560,8831,407,380,440,2338,2326,2359,2070,500,2582,56,00000000,00,00
11560,8832,409,383,444,2337,2326,2359,2085,500,2601,56,00000000,00,00
11560,8833,252,216,283,2343,2329,2363,1206,499,00,60,00000000,00,00
11560,8834,183,143,205,2343,2330,2366,820,499,00,54,00000000,00,00
11560,8835,182,137,215,2345,2330,2364,822,500,00,67,00000000,00,00
11560,8836,186,135,216,2345,2330,2363,822,499,00,68,00000000,00,00
11560,8837,182,140,212,2347,2331,2365,822,499,00,62,00000000,00,00
11560,8838,184,137,215,2346,2331,2365,823,500,00,67,00000000,00,00
11560,8839,183,142,206,2345,2330,2366,821,500,00,55,00000000,00,00
11560,8840,184,137,215,2347,2331,2364,825,499,00,66,00000000,00,00
11560,8841,187,134,218,2346,2331,2365,821,500,00,72,00000000,00,00
11560,8842,186,134,220,2346,2331,2365,821,500,235,73,00000000,00,00
11560,8843,184,138,218,2335,2321,2353,822,499,00,71,00000000,00,00
11560,8844,315,282,352,2339,2326,2358,1561,499,1183,62,00000000,00,00
11560,8845,404,374,440,2332,2320,2352,2051,500,2606,60,00000000,00,00
11560,8846,404,382,432,2331,2320,2352,2054,499,2581,49,00000000,00,00
11560,8847,408,383,436,2332,2319,2352,2070,499,2533,52,00000000,00,00
11560,8848,412,391,432,2332,2320,2353,2082,500,2589,47,00000000,00,00
11560,8849,296,265,324,2334,2322,2356,1448,500,00,53,00000000,00,00
11560,8850,186,152,179,2333,2326,2361,805,499,00,51,00000000,00,00
11560,8851,179,148,196,2336,2324,2359,808,500,00,47,00000000,00,00
11560,8852,181,144,195,2336,2323,2358,809,500,00,48,00000000,00,00
11560,8853,179,142,202,2338,2324,2358,810,500,00,53,00000000,00,00
11560,8854,183,142,196,2337,2323,2360,806,500,00,52,00000000,00,00
11560,8855,182,140,205,2338,2322,2358,808,499,00,56,00000000,00,00
11560,8856,183,139,203,2336,2321,2357,809,500,00,56,00000000,00,00
11560,8857,184,141,201,2335,2321,2357,806,500,00,54,00000000,00,00
11560,8858,183,141,197,2337,2322,2358,805,500,00,49,00000000,00,00
11560,8859,181,141,201,2336,2321,2357,809,500,00,54,00000000,00,00
11560,8860,183,138,203,2337,2322,2357,809,499,00,57,00000000,00,00
11560,8861,186,146,186,2333,2321,2359,802,500,00,46,00000000,00,00
11560,8862,183,141,199,2334,2320,2357,805,500,00,52,00000000,00,00
11560,8863,189,145,182,2331,2322,2359,796,499,00,53,00000000,00,00
11560,8864,191,150,174,2330,2323,2359,792,499,00,50,00000000,00,00
11560,8865,202,141,166,2331,2326,2357,786,500,00,58,00000000,00,00
11560,8866,195,146,165,2333,2325,2359,790,500,237,54,00000000,00,00
11560,8867,186,151,173,2334,2323,2359,794,500,00,50,00000000,00,00
11560,8868,189,151,163,2332,2326,2356,788,500,00,55,00000000,00,00
11560,8869,213,126,165,2329,2329,2351,789,500,00,65,00000000,00,00
11560,8870,213,129,166,2329,2328,2353,788,499,249,63,00000000,00,00
11560,8871,195,145,174,2331,2323,2359,791,500,00,53,00000000,00,00
11560,8872,196,143,169,2333,2325,2361,789,500,197,58,00000000,00,00
11560,8873,207,133,167,2333,2328,2359,783,500,00,62,00000000,00,00
11560,8874,100,79,86,2332,2329,2363,418,500,540,24,00000000,00,00
11560,8875,52,52,46,2331,2330,2364,252,500,1106,06,00000000,00,00
11560,8876,54,59,53,2330,2331,2358,304,499,176,10,00000000,00,00
11560,8877,183,140,157,2329,2327,2355,745,499,00,49,00000000,00,00
11560,8878,202,143,171,2329,2325,2358,793,500,228,57,00000000,00,00
11560,8879,356,263,283,2329,2323,2349,1498,500,1109,72,00000000,00,00
11560,8880,475,384,402,2327,2320,2346,2157,500,2256,78,00000000,00,00
11560,8881,465,334,395,2326,2322,2346,2033,500,2406,93,00000000,00,00
11560,8882,461,359,385,2328,2322,2346,2054,500,2393,81,00000000,00,00
11560,8883,459,369,387,2328,2321,2346,2068,500,2403,77,00000000,00,00
11560,8884,442,339,370,2328,2322,2347,1950,500,00,82,00000000,00,00
11560,8885,227,142,180,2330,2329,2354,867,500,00,65,00000000,00,00
11560,8886,216,129,169,2330,2328,2354,795,499,00,65,00000000,00,00
11560,8887,210,134,167,2330,2327,2354,792,499,00,63,00000000,00,00
11560,8888,217,125,171,2329,2328,2353,794,500,00,66,00000000,00,00
11560,8889,215,132,163,2329,2327,2353,791,500,00,59,00000000,00,00
11560,8890,200,145,167,2329,2325,2356,793,500,197,55,00000000,00,00
11560,8891,214,133,166,2333,2334,2357,795,500,00,60,00000000,00,00
11560,8892,221,120,172,2335,2337,2360,798,500,00,69,00000000,00,00
11560,8893,216,126,169,2336,2335,2361,793,500,00,65,00000000,00,00
11560,8894,186,143,192,2341,2327,2363,806,500,00,53,00000000,00,00
11560,8895,185,145,194,2332,2320,2355,805,500,00,56,00000000,00,00
11560,8896,236,201,232,2335,2324,2360,1065,499,509,50,00000000,00,00
11560,8897,404,377,430,2330,2317,2350,2039,499,2436,53,00000000,00,00
11560,8898,410,387,420,2330,2318,2352,2054,500,2552,50,00000000,00,00
11560,8899,406,381,440,2331,2319,2351,2067,500,2556,57,00000000,00,00
11560,8900,409,383,442,2333,2319,2351,2082,499,2555,56,00000000,00,00
11560,8901,365,341,389,2334,2319,2352,1827,499,00,50,00000000,00,00
11560,8902,186,146,215,2338,2321,2356,846,499,00,60,00000000,00,00
11560,8903,181,137,211,2338,2321,2355,816,500,00,63,00000000,00,00
11560,8904,181,139,210,2337,2322,2355,811,500,00,61,00000000,00,00
11560,8905,181,137,210,2337,2321,2353,814,499,00,62,00000000,00,00
11560,8906,184,134,214,2337,2320,2353,815,500,250,67,00000000,00,00
11560,8907,181,137,210,2338,2321,2354,813,500,00,62,00000000,00,00
11560,8908,186,132,212,2338,2321,2354,814,499,248,68,00000000,00,00
11560,8909,184,133,213,2338,2321,2354,813,499,00,68,00000000,00,00
11560,8910,192,130,211,2337,2321,2355,816,499,00,69,00000000,00,00
11560,8911,185,132,216,2337,2321,2355,812,499,00,71,00000000,00,00
11560,8912,180,139,215,2337,2322,2355,811,499,00,66,00000000,00,00
11560,8913,191,151,230,2337,2323,2355,883,500,565,67,00000000,00,00
11560,8914,404,364,437,2332,2319,2352,2023,500,542,64,00000000,00,00
11560,8915,408,372,440,2333,2320,2353,2048,499,2527,61,00000000,00,00
11560,8916,412,373,449,2333,2319,2352,2058,499,2682,68,00000000,00,00
11560,8917,415,373,450,2332,2319,2352,2073,499,2718,68,00000000,00,00
11560,8918,405,359,434,2332,2319,2352,2008,499,00,68,00000000,00,00
11560,8919,201,155,234,2339,2323,2357,914,499,00,67,00000000,00,00
11560,8920,178,142,208,2339,2325,2357,817,500,00,56,00000000,00,00
11560,8921,180,138,212,2340,2325,2357,817,499,00,63,00000000,00,00
11560,8922,182,137,213,2340,2325,2357,818,499,00,65,00000000,00,00
11560,8923,181,139,209,2340,2324,2358,817,499,00,59,00000000,00,00
11560,8924,181,138,215,2340,2326,2358,817,499,00,66,00000000,00,00
11560,8925,178,141,217,2339,2326,2357,816,500,00,66,00000000,00,00
11560,8926,183,135,215,2339,2325,2357,816,499,00,68,00000000,00,00
11560,8927,185,133,215,2339,2324,2356,818,499,00,68,00000000,00,00
11560,8928,183,134,215,2339,2324,2356,816,499,00,68,00000000,00,00
End:
Finish:

